X2446K08A04F KC2002 06 01.33892 16 11 38.23 -07 35 53.8          20.8 Vr~0CfY644
X2446K08A04F KC2002 06 01.34999 16 11 36.88 -07 35 53.5                r~0CfY644
X2446K08A04F [C2007 07 28.34900 16 33 01.60 -20 28 04.3                c~0C8N568
X2446K08A04F* C2008 01 10.39652 12 06 03.72 +08 19 17.1          15.6  cx3507704
X2446K08A04F  C2008 01 10.40941 12 05 54.14 +08 22 14.1          16.2  cx3507704
X2446K08A04F  C2008 01 10.42240 12 05 44.51 +08 25 12.4          16.1  cx3507704
X2446K08A04F  C2008 01 10.43525 12 05 34.95 +08 28 08.1          16.2  cx3507704
X2446K08A04F  C2008 01 11.05219 11 58 35.17 +10 43 18.9          15.3 Rox3507461
X2446K08A04F  C2008 01 11.05324 11 58 34.45 +10 43 31.6                ox3507461
X2446K08A04F  C2008 01 11.05376 11 58 34.08 +10 43 38.7                ox3507461
X2446K08A04F  C2008 01 11.05403 11 58 33.90 +10 43 41.6                ox3507461
X2446K08A04F  C2008 01 11.05428 11 58 33.73 +10 43 44.9                ox3507461
X2446K08A04F  C2008 01 11.05483 11 58 33.33 +10 43 52.2                ox3507461
X2446K08A04F  C2008 01 11.05508 11 58 33.15 +10 43 55.4                ox3507461
X2446K08A04F  C2008 01 11.05545 11 58 32.90 +10 44 00.2                ox3507461
X2446K08A04F  C2008 01 11.05571 11 58 32.72 +10 44 03.4                ox3507461
X2446K08A04F  C2008 01 11.05598 11 58 32.52 +10 44 06.9                ox3507461
X2446K08A04F  C2008 01 11.05650 11 58 32.17 +10 44 13.6                ox3507461
X2446K08A04F  C2008 01 11.05677 11 58 31.97 +10 44 17.0                ox3507461
X2446K08A04F  C2008 01 11.05703 11 58 31.81 +10 44 20.2                ox3507461
X2446K08A04F  C2008 01 11.05729 11 58 31.60 +10 44 23.8                ox3507461
X2446K08A04F  C2008 01 11.05783 11 58 31.25 +10 44 30.4                ox3507461
X2446K08A04F  C2008 01 11.06936 11 58 23.15 +10 46 58.2          15.5 Rox3507461
X2446K08A04F  C2008 01 11.06963 11 58 22.96 +10 47 01.5                ox3507461
X2446K08A04F  C2008 01 11.06988 11 58 22.78 +10 47 04.8                ox3507461
X2446K08A04F  C2008 01 11.07015 11 58 22.60 +10 47 08.1                ox3507461
X2446K08A04F  C2008 01 11.07041 11 58 22.42 +10 47 11.4                ox3507461
X2446K08A04F  C2008 01 11.07067 11 58 22.25 +10 47 14.8                ox3507461
X2446K08A04F  C2008 01 11.07094 11 58 22.06 +10 47 17.9                ox3507461
X2446K08A04F  C2008 01 11.07124 11 58 21.86 +10 47 21.6                ox3507461
X2446K08A04F  C2008 01 11.07152 11 58 21.66 +10 47 25.5                ox3507461
X2446K08A04F  C2008 01 11.07178 11 58 21.47 +10 47 28.9                ox3507461
X2446K08A04F  C2008 01 11.07205 11 58 21.27 +10 47 32.4                ox3507461
X2446K08A04F  C2008 01 11.07230 11 58 21.09 +10 47 35.7                ox3507461
X2446K08A04F  C2008 01 11.43030 11 54 27.25 +12 02 31.8          15.6 Vrx3507703
X2446K08A04F  C2008 01 11.43964 11 54 20.84 +12 04 26.3          15.7 Vrx3507703
X2446K08A04F  C2008 01 11.44824 11 54 14.86 +12 06 11.7          15.7 Vrx3507703
X2446K08A04F  C2008 01 11.45669 11 54 09.03 +12 07 55.0          15.8 Vrx3507703
X2446K08A04F  C2008 01 11.48199 11 53 51.47 +12 13 03.9          15.7 Vrx3507G96
X2446K08A04F  C2008 01 11.49141 11 53 44.93 +12 14 58.3          15.8 Vrx3507G96
X2446K08A04F  C2008 01 11.49977 11 53 37.30 +12 16 25.3          15.7 Rrx3507734
X2446K08A04F  C2008 01 11.50086 11 53 38.22 +12 16 50.6                rx3507G96
X2446K08A04F  C2008 01 11.50152 11 53 36.10 +12 16 46.3          15.7 Rrx3507734
X2446K08A04F  C2008 01 11.50328 11 53 34.90 +12 17 07.4          15.7 Rrx3507734
X2446K08A04F  C2008 01 11.50503 11 53 33.68 +12 17 28.6          15.6 Rrx3507734
X2446K08A04F  C2008 01 11.51032 11 53 31.84 +12 18 47.5          15.8 Vrx3507G96
X2446K08A04F  C2008 01 14.38921 11 25 49.45 +20 30 30.0          15.4 Rrx4373H45
X2446K08A04F  C2008 01 14.38990 11 25 49.09 +20 30 36.1          15.3 Rrx4373H45
X2446K08A04F  C2008 01 14.39095 11 25 48.50 +20 30 44.9          15.4 Rrx4373H45
X2446K08A04F  C2008 01 14.39214 11 25 47.82 +20 30 55.1          15.3 Rrx4373H45
X2446K08A04F  C2008 01 14.39291 11 25 47.39 +20 31 01.6          15.4 Rrx4373H45
X2446K08A04F  C2008 01 14.39338 11 25 47.13 +20 31 05.7          15.4 Rrx4373H45
X2446K08A04F  C2008 01 14.39387 11 25 46.86 +20 31 09.9          15.5 Rrx4373H45
X2446K08A04F  C2008 01 14.39442 11 25 46.55 +20 31 14.8          15.5 Rrx4373H45
X2446K08A04F  C2008 01 14.39500 11 25 46.23 +20 31 19.5          15.3 Rrx4373H45
X2446K08A04F  C2008 01 14.39571 11 25 45.83 +20 31 25.8          15.5 Rrx4373H45
X2446K08A04F  C2008 01 14.39627 11 25 45.51 +20 31 30.6          15.5 Rrx4373H45
X2446K08A04F  C2008 01 14.39689 11 25 45.17 +20 31 35.9          15.5 Rrx4373H45
X2446K08A04F  C2008 01 14.49328 11 24 58.24 +20 46 49.0          16.1 Vrx4373F84
X2446K08A04F  C2008 01 14.50248 11 24 53.09 +20 48 07.5          16.1 Vrx4373F84
X2446K08A04F  C2008 01 14.51234 11 24 47.57 +20 49 31.5          15.9 Vrx4373F84
X2446K08A04F  C2008 01 15.00556 11 20 39.92 +21 54 40.6          15.5 Rcx4373B49
X2446K08A04F  C2008 01 15.01065 11 20 37.16 +21 55 21.6          15.5 Rcx4373B49
X2446K08A04F  C2008 01 15.20178 11 18 55.00 +22 20 13.0          16   Rox4373461
X2446K08A04F  C2008 01 15.20214 11 18 54.83 +22 20 15.4                ox4373461
X2446K08A04F  C2008 01 15.20285 11 18 54.46 +22 20 21.1                ox4373461
X2446K08A04F  C2008 01 15.31847011 18 04.20 +22 35 25.2          16.4 Vox4373H55
X2446K08A04F  C2008 01 15.32045311 18 03.16 +22 35 40.5          16.6 Vox4373H55
X2446K08A04F  C2008 01 15.32219811 18 02.25 +22 35 54.0          16.5 Vox4373H55
X2446K08A04F  C2008 01 15.32431411 18 01.15 +22 36 10.2          16.6 Vox4373H55
X2446K08A04F  C2008 01 15.33980 11 17 53.66 +22 38 16.5          15.5 Rrx4373H45
X2446K08A04F  C2008 01 15.34080 11 17 53.15 +22 38 23.8          15.5 Rrx4373H45
X2446K08A04F  C2008 01 15.34138 11 17 52.87 +22 38 28.6          15.6 Rrx4373H45
X2446K08A04F  C2008 01 15.34214 11 17 52.48 +22 38 34.3          15.6 Rrx4373H45
X2446K08A04F  C2008 01 15.34332 11 17 51.86 +22 38 43.4          15.6 Rrx4373H45
X2446K08A04F  C2008 01 15.34398 11 17 51.50 +22 38 48.4          15.6 Rrx4373H45
X2446K08A04F  C2008 01 15.34462 11 17 51.17 +22 38 53.4          15.7 Rrx4373H45
X2446K08A04F  C2008 01 15.34526 11 17 50.84 +22 38 58.3          15.7 Rrx4373H45
X2446K08A04F  C2008 01 15.34583 11 17 50.54 +22 39 02.7          15.6 Rrx4373H45
X2446K08A04F  C2008 01 15.34643 11 17 50.23 +22 39 07.3          15.7 Rrx4373H45
X2446K08A04F  C2008 01 15.34708 11 17 49.89 +22 39 12.3          15.5 Rrx4373H45
X2446K08A04F  C2008 01 15.34764 11 17 49.59 +22 39 16.6          15.5 Rrx4373H45
X2446K08A04F tC2008 01 16.32581 11 10 12.86 +24 35 49.8          16.1 Vox4373291
X2446K08A04F tC2008 01 16.32984 11 10 10.89 +24 36 17.3          16.2 Vox4373291
X2446K08A04F tC2008 01 16.33396 11 10 08.96 +24 36 45.8          16.2 Vox4373291
X2446K08A04F  C2008 01 16.35168111 09 57.90 +24 38 40.0          16.6 Vox5543H55
X2446K08A04F  C2008 01 16.35461011 09 56.47 +24 38 59.7          16.5 Vox5543H55
X2446K08A04F  C2008 01 16.35793911 09 54.85 +24 39 22.2          16.6 Vox5543H55
X2446K08A04F  C2008 01 16.35979011 09 53.94 +24 39 34.6          16.6 Vox5543H55
X2446K08A04F  C2008 01 16.65485 11 07 44.49 +25 11 57.0          16.0 Vrx4373379
X2446K08A04F  C2008 01 16.66608 11 07 39.15 +25 13 10.3          15.8 Vrx4373379
X2446K08A04F  C2008 01 16.66735 11 07 38.50 +25 13 19.5          15.5 Vrx4373379
X2446K08A04F  C2008 01 16.66862 11 07 37.91 +25 13 27.5          15.8 Vrx4373379
X2446K08A04F  C2008 01 17.02457 11 05 02.36 +25 50 40.1          15.8 Rcx4373B49
X2446K08A04F  C2008 01 17.02932 11 05 00.13 +25 51 10.1          15.8 Rcx4373B49
X2446K08A04F  C2008 01 18.37112 10 55 43.54 +27 58 45.8          16.0 Rrx5082448
X2446K08A04F  C2008 01 18.37279 10 55 42.83 +27 58 54.6          16.1 Rrx5082448
X2446K08A04F  C2008 01 18.37446 10 55 42.12 +27 59 03.4          16.0 Rrx5082448
X2446K08A04F  C2008 01 18.37612 10 55 41.39 +27 59 12.3          16.0 Rrx5082448
X2446K08A04F  C2008 01 18.37779 10 55 40.67 +27 59 21.2          16.1 Rrx5082448
X2446K08A04F  C2008 01 18.56552 10 54 20.77 +28 15 23.0          16.0 Vrx4373G96
X2446K08A04F  C2008 01 18.56585 10 54 20.66 +28 15 24.7          16.0 Vrx4373G96
X2446K08A04F  C2008 01 18.56613 10 54 20.52 +28 15 26.0          16.0 Vrx4373G96
X2446K08A04F  C2008 01 18.56641 10 54 20.44 +28 15 28.2          16.0 Vrx4373G96
X2446K08A04F  C2008 01 19.08125 10 51 07.49 +28 58 00.7                rx5082B19
X2446K08A04F  C2008 01 19.08908 10 51 05.03 +28 58 37.0                rx5082B19
X2446K08A04F  C2008 01 19.20758 10 50 23.34 +29 07 44.2          16.0 Rrx5082H51
X2446K08A04F  C2008 01 19.20814 10 50 23.11 +29 07 47.3          16.0 Rrx5082H51
X2446K08A04F  C2008 01 19.20870 10 50 22.89 +29 07 50.0          16.1 Rrx5082H51
X2446K08A04F  C2008 01 19.20927 10 50 22.69 +29 07 52.6          16.2 Rrx5082H51
X2446K08A04F  C2008 01 19.20983 10 50 22.47 +29 07 55.4          16.3 Rrx5082H51
X2446K08A04F  C2008 01 19.21038 10 50 22.25 +29 07 58.1          16.0 Rrx5082H51
X2446K08A04F  C2008 01 19.21095 10 50 22.03 +29 08 00.8          16.1 Rrx5082H51
X2446K08A04F  C2008 01 19.21152 10 50 21.82 +29 08 03.6          16.3 Rrx5082H51
X2446K08A04F  C2008 01 19.21207 10 50 21.58 +29 08 06.5          16.0 Rrx5082H51
X2446K08A04F  C2008 01 19.21263 10 50 21.36 +29 08 09.3          16.1 Rrx5082H51
X2446K08A04F  C2008 01 19.21319 10 50 21.15 +29 08 11.7          16.1 Rrx5082H51
X2446K08A04F  C2008 01 19.21375 10 50 20.91 +29 08 14.6          16.0 Rrx5082H51
X2446K08A04F  C2008 01 19.21432 10 50 20.70 +29 08 17.3          16.3 Rrx5082H51
X2446K08A04F  C2008 01 19.21487 10 50 20.49 +29 08 20.2          16.0 Rrx5082H51
X2446K08A04F  C2008 01 19.21543 10 50 20.25 +29 08 22.9          16.1 Rrx5082H51
X2446K08A04F  C2008 01 19.21600 10 50 20.02 +29 08 25.6          16.1 Rrx5082H51
X2446K08A04F  C2008 01 19.21656 10 50 19.83 +29 08 28.4          16.0 Rrx5082H51
X2446K08A04F  C2008 01 19.21712 10 50 19.60 +29 08 31.1          16.1 Rrx5082H51
X2446K08A04F  C2008 01 19.21769 10 50 19.39 +29 08 33.7          16.0 Rrx5082H51
X2446K08A04F  C2008 01 19.21824 10 50 19.18 +29 08 36.5          16.3 Rrx5082H51
X2446K08A04F  C2008 01 19.91325 10 46 04.22 +30 01 05.0          15.8 Rox5082B04
X2446K08A04F  C2008 01 19.91571 10 46 03.29 +30 01 16.0          15.8 Rox5082B04
X2446K08A04F  C2008 01 19.91858 10 46 02.22 +30 01 28.8          15.8 Rox5082B04
X2446K08A04F  C2008 01 19.92314 10 46 00.55 +30 01 49.5          15.8 Rox5082B04
X2446K08A04F  C2008 01 19.92864 10 45 58.49 +30 02 14.8          15.9 Rox5082B04
X2446K08A04F  C2008 01 19.93721 10 45 55.29 +30 02 53.0          15.8 Rox5082B04
X2446K08A04F  C2008 01 19.94285 10 45 53.15 +30 03 17.9          16.0 Rox5082B04
X2446K08A04F  C2008 01 19.94709 10 45 51.61 +30 03 37.3          15.9 Rox5082B04
X2446K08A04F  C2008 01 20.03269 10 45 21.45 +30 10 12.4          16.3 Rrx5082J51
X2446K08A04F  C2008 01 20.03812 10 45 19.36 +30 10 36.5          16.3 Rrx5082J51
X2446K08A04F  C2008 01 20.04356 10 45 17.29 +30 11 00.8          16.1 Rrx5082J51
X2446K08A04F  C2008 01 20.18931 10 44 25.90 +30 20 52.0          16.1 Rrx5082H51
X2446K08A04F  C2008 01 20.18975 10 44 25.76 +30 20 53.8          16.0 Rrx5082H51
X2446K08A04F  C2008 01 20.19019 10 44 25.60 +30 20 55.9          16.3 Rrx5082H51
X2446K08A04F  C2008 01 20.19064 10 44 25.42 +30 20 57.9          16.3 Rrx5082H51
X2446K08A04F  C2008 01 20.19108 10 44 25.25 +30 20 59.8          16.2 Rrx5082H51
X2446K08A04F  C2008 01 20.19152 10 44 25.09 +30 21 01.8          15.9 Rrx5082H51
X2446K08A04F  C2008 01 20.19196 10 44 24.92 +30 21 03.6          16.3 Rrx5082H51
X2446K08A04F  C2008 01 20.19241 10 44 24.77 +30 21 05.6          16.0 Rrx5082H51
X2446K08A04F  C2008 01 20.19285 10 44 24.60 +30 21 07.5          16.1 Rrx5082H51
X2446K08A04F  C2008 01 20.19329 10 44 24.44 +30 21 09.5          16.3 Rrx5082H51
X2446K08A04F  C2008 01 20.19374 10 44 24.28 +30 21 11.5          16.2 Rrx5082H51
X2446K08A04F  C2008 01 20.19418 10 44 24.10 +30 21 13.4          16.2 Rrx5082H51
X2446K08A04F  C2008 01 20.19463 10 44 23.98 +30 21 15.5          16.4 Rrx5082H51
X2446K08A04F  C2008 01 20.19507 10 44 23.79 +30 21 17.1          16.1 Rrx5082H51
X2446K08A04F  C2008 01 20.19552 10 44 23.62 +30 21 19.1          16.2 Rrx5082H51
X2446K08A04F  C2008 01 20.19596 10 44 23.47 +30 21 21.0          16.2 Rrx5082H51
X2446K08A04F  C2008 01 20.19640 10 44 23.30 +30 21 23.1          16.1 Rrx5082H51
X2446K08A04F  C2008 01 20.19685 10 44 23.12 +30 21 24.8          16.0 Rrx5082H51
X2446K08A04F  C2008 01 20.19729 10 44 22.98 +30 21 26.9          16.3 Rrx5082H51
X2446K08A04F  C2008 01 20.19774 10 44 22.82 +30 21 28.8          16.4 Rrx5082H51
X2446K08A04F  C2008 01 20.19818 10 44 22.64 +30 21 30.9          16.1 Rrx5082H51
X2446K08A04F  C2008 01 20.19863 10 44 22.49 +30 21 32.9          16.2 Rrx5082H51
X2446K08A04F  C2008 01 20.19907 10 44 22.30 +30 21 34.9          16.2 Rrx5082H51
X2446K08A04F  C2008 01 20.19953 10 44 22.13 +30 21 36.9          16.2 Rrx5082H51
X2446K08A04F  C2008 01 20.19997 10 44 21.98 +30 21 38.8          16.4 Rrx5082H51
X2446K08A04F  C2008 01 20.20041 10 44 21.83 +30 21 40.8          16.2 Rrx5082H51
X2446K08A04F  C2008 01 20.20084 10 44 21.67 +30 21 42.4          16.1 Rrx5082H51
X2446K08A04F  C2008 01 20.20130 10 44 21.51 +30 21 44.6          16.1 Rrx5082H51
X2446K08A04F  C2008 01 20.20175 10 44 21.34 +30 21 46.5          16.2 Rrx5082H51
X2446K08A04F  C2008 01 20.20219 10 44 21.19 +30 21 48.4          16.1 Rrx5082H51
X2446K08A04F  C2008 01 20.38000 10 43 16.84 +30 34 34.5          16.1 Vdx5082G72
X2446K08A04F  C2008 01 20.38331 10 43 15.56 +30 34 48.4          16.3 Vdx5082G72
X2446K08A04F  C2008 01 20.38995 10 43 13.01 +30 35 16.2          16.2 Vdx5082G72
X2446K08A04F  C2008 01 20.39328 10 43 11.78 +30 35 30.1          16.4 Vdx5082G72
X2446K08A04F  C2008 01 20.40167 10 43 08.61 +30 36 05.3          16.3 Vdx5082G72
X2446K08A04F  C2008 01 20.40648 10 43 06.74 +30 36 25.2          16.1 Vdx5082G72
X2446K08A04F  C2008 01 20.41924 10 42 59.41 +30 37 03.2          16.2 Rrx5082H51
X2446K08A04F  C2008 01 20.41968 10 42 59.24 +30 37 05.0          16.4 Rrx5082H51
X2446K08A04F  C2008 01 20.42013 10 42 59.07 +30 37 07.0          16.0 Rrx5082H51
X2446K08A04F  C2008 01 20.42058 10 42 58.91 +30 37 08.9          16.1 Rrx5082H51
X2446K08A04F  C2008 01 20.42102 10 42 58.73 +30 37 10.7          16.0 Rrx5083H51
X2446K08A04F  C2008 01 20.42147 10 42 58.58 +30 37 12.5          16.0 Rrx5083H51
X2446K08A04F  C2008 01 20.42192 10 42 58.41 +30 37 14.4          16.0 Rrx5083H51
X2446K08A04F  C2008 01 20.42236 10 42 58.23 +30 37 16.2          16.0 Rrx5083H51
X2446K08A04F  C2008 01 20.42281 10 42 58.05 +30 37 17.8          16.2 Rrx5083H51
X2446K08A04F  C2008 01 20.42325 10 42 57.88 +30 37 19.8          16.0 Rrx5083H51
X2446K08A04F  C2008 01 20.42370 10 42 57.72 +30 37 21.5          16.2 Rrx5083H51
X2446K08A04F  C2008 01 20.42414 10 42 57.55 +30 37 23.2          16.1 Rrx5083H51
X2446K08A04F  C2008 01 20.42459 10 42 57.41 +30 37 25.1          16.1 Rrx5083H51
X2446K08A04F  C2008 01 20.42505 10 42 57.21 +30 37 26.6          16.2 Rrx5083H51
X2446K08A04F  C2008 01 20.42550 10 42 57.06 +30 37 28.6          16.2 Rrx5083H51
X2446K08A04F  C2008 01 20.42594 10 42 56.89 +30 37 30.5          16.2 Rrx5083H51
X2446K08A04F  C2008 01 20.42639 10 42 56.71 +30 37 32.3          16.1 Rrx5083H51
X2446K08A04F  C2008 01 20.42684 10 42 56.55 +30 37 34.1          16.0 Rrx5083H51
X2446K08A04F  C2008 01 20.42729 10 42 56.38 +30 37 35.9          16.1 Rrx5083H51
X2446K08A04F  C2008 01 20.42773 10 42 56.20 +30 37 37.5          16.2 Rrx5083H51
X2446K08A04F  C2008 01 20.42818 10 42 56.05 +30 37 39.6          15.9 Rrx5083H51
X2446K08A04F  C2008 01 20.42863 10 42 55.86 +30 37 41.1          16.1 Rrx5083H51
X2446K08A04F  C2008 01 20.42909 10 42 55.69 +30 37 43.0          16.1 Rrx5083H51
X2446K08A04F  C2008 01 20.42954 10 42 55.53 +30 37 44.9          15.9 Rrx5083H51
X2446K08A04F  C2008 01 20.42998 10 42 55.37 +30 37 46.6          16.1 Rrx5083H51
X2446K08A04F  C2008 01 20.43043 10 42 55.19 +30 37 48.5          15.9 Rrx5083H51
X2446K08A04F  C2008 01 20.43088 10 42 55.04 +30 37 50.4          15.9 Rrx5083H51
X2446K08A04F  C2008 01 20.43133 10 42 54.87 +30 37 52.2          16.0 Rrx5083H51
X2446K08A04F  C2008 01 20.43178 10 42 54.69 +30 37 54.1          16.1 Rrx5083H51
X2446K08A04F  C2008 01 20.43222 10 42 54.53 +30 37 55.7          15.9 Rrx5083H51
X2446K08A04F  C2008 01 20.95550 10 40 00.61 +31 12 24.2          15.7 Rox5083B04
X2446K08A04F  C2008 01 20.95656 10 40 00.27 +31 12 28.6          15.9 Rox5083B04
X2446K08A04F  C2008 01 20.97156 10 39 54.93 +31 13 28.3          15.8 Rox5083B04
X2446K08A04F  C2008 01 20.97632 10 39 53.20 +31 13 47.0          15.9 Rox5083B04
X2446K08A04F  C2008 01 20.99851 10 39 46.29 +31 15 23.0          15.9 Rcx5543J40
X2446K08A04F  C2008 01 21.00709 10 39 43.24 +31 15 56.7          16.0 Rcx5543J40
X2446K08A04F  C2008 01 21.01573 10 39 40.15 +31 16 30.5          15.9 Rcx5543J40
X2446K08A04F  C2008 01 21.32374 10 37 55.83 +31 35 55.3          15.9 Rrx5083H45
X2446K08A04F  C2008 01 21.32441 10 37 55.62 +31 35 57.7          15.8 Rrx5083H45
X2446K08A04F  C2008 01 21.32582 10 37 55.11 +31 36 03.1          15.7 Rrx5083H45
X2446K08A04F  C2008 01 21.32712 10 37 54.64 +31 36 07.9          15.6 Rrx5083H45
X2446K08A04F  C2008 01 21.32821 10 37 54.23 +31 36 12.1          15.6 Rrx5083H45
X2446K08A04F  C2008 01 21.33005 10 37 53.56 +31 36 18.8          15.6 Rrx5083H45
X2446K08A04F  C2008 01 21.33164 10 37 53.01 +31 36 24.9          15.8 Rrx5083H45
X2446K08A04F  C2008 01 21.33477 10 37 51.87 +31 36 36.4          15.6 Rrx5083H45
X2446K08A04F  C2008 01 23.16969 10 28 21.01 +33 17 37.4          16.7 Rrx5543H51
X2446K08A04F  C2008 01 23.17020 10 28 20.78 +33 17 39.7          16.3 Rrx5543H51
X2446K08A04F  C2008 01 23.17071 10 28 20.64 +33 17 40.9          16.4 Rrx5543H51
X2446K08A04F  C2008 01 23.17121 10 28 20.50 +33 17 42.6          16.5 Rrx5543H51
X2446K08A04F  C2008 01 23.17172 10 28 20.34 +33 17 44.7          16.4 Rrx5543H51
X2446K08A04F  C2008 01 23.17222 10 28 20.20 +33 17 45.6          16.5 Rrx5543H51
X2446K08A04F  C2008 01 23.17273 10 28 20.00 +33 17 47.4          16.5 Rrx5543H51
X2446K08A04F  C2008 01 23.17323 10 28 19.88 +33 17 49.0          16.5 Rrx5543H51
X2446K08A04F  C2008 01 23.17373 10 28 19.71 +33 17 50.5          16.6 Rrx5543H51
X2446K08A04F  C2008 01 23.17423 10 28 19.53 +33 17 52.0          16.6 Rrx5543H51
X2446K08A04F  C2008 01 23.98994 10 24 21.25 +33 56 39.9          16.4 Vcx5543A48
X2446K08A04F  C2008 01 23.99186 10 24 20.66 +33 56 45.1          16.4 Vcx5543A48
X2446K08A04F  C2008 01 23.99379 10 24 20.07 +33 56 50.4          16.3 Vcx5543A48
X2446K08A04F  C2008 01 23.99572 10 24 19.47 +33 56 56.0          16.4 Vcx5543A48
X2446K08A04F  C2008 01 25.40455 10 17 52.27 +34 55 39.7          16.8 Rrx5543H51
X2446K08A04F  C2008 01 25.40510 10 17 52.09 +34 55 41.3          16.7 Rrx5543H51
X2446K08A04F  C2008 01 25.40567 10 17 51.89 +34 55 42.1          16.2 Rrx5543H51
X2446K08A04F  C2008 01 25.40623 10 17 51.79 +34 55 43.1          16.3 Rrx5543H51
X2446K08A04F  C2008 01 25.40679 10 17 51.67 +34 55 44.3          16.4 Rrx5543H51
X2446K08A04F  C2008 01 25.40736 10 17 51.52 +34 55 45.6          16.4 Rrx5543H51
X2446K08A04F  C2008 01 25.40792 10 17 51.34 +34 55 47.2          17.2 Rrx5543H51
X2446K08A04F  C2008 01 25.40848 10 17 51.13 +34 55 48.6          16.5 Rrx5543H51
X2446K08A04F  C2008 01 25.40905 10 17 50.97 +34 55 49.8          16.6 Rrx5543H51
X2446K08A04F  C2008 01 25.40962 10 17 50.82 +34 55 51.1          16.8 Rrx5543H51
X2446K08A04F  C2008 01 25.41019 10 17 50.69 +34 55 52.6          16.7 Rrx5543H51
X2446K08A04F  C2008 01 25.41075 10 17 50.49 +34 55 53.4          16.9 Rrx5543H51
X2446K08A04F  C2008 01 25.41131 10 17 50.36 +34 55 54.7          16.7 Rrx5543H51
X2446K08A04F  C2008 01 25.41186 10 17 50.18 +34 55 56.2          16.6 Rrx5543H51
X2446K08A04F  C2008 01 25.41242 10 17 50.02 +34 55 57.2          16.7 Rrx5543H51
X2446K08A04F  C2008 01 25.41299 10 17 49.88 +34 55 58.4          16.7 Rrx5543H51
X2446K08A04F  C2008 01 25.41354 10 17 49.71 +34 55 59.8          16.5 Rrx5543H51
X2446K08A04F  C2008 01 25.41410 10 17 49.55 +34 56 00.9          16.8 Rrx5543H51
X2446K08A04F  C2008 01 25.41466 10 17 49.40 +34 56 02.3          16.7 Rrx5543H51
X2446K08A04F  C2008 01 25.41522 10 17 49.24 +34 56 03.6          16.7 Rrx5543H51
X2446K08A04F  C2008 01 25.41578 10 17 49.06 +34 56 04.5          16.8 Rrx5543H51
X2446K08A04F  C2008 01 25.41634 10 17 48.91 +34 56 06.0          16.7 Rrx5543H51
X2446K08A04F  C2008 01 25.41690 10 17 48.76 +34 56 07.2          16.7 Rrx5543H51
X2446K08A04F  C2008 01 25.41747 10 17 48.61 +34 56 08.6          16.7 Rrx5543H51
X2446K08A04F  C2008 01 25.41803 10 17 48.42 +34 56 09.9          16.4 Rrx5543H51
X2446K08A04F  C2008 01 25.41860 10 17 48.28 +34 56 11.2          16.7 Rrx5543H51
X2446K08A04F  C2008 01 25.41917 10 17 48.11 +34 56 12.2          16.6 Rrx5543H51
X2446K08A04F  C2008 01 25.41972 10 17 47.93 +34 56 13.3          16.6 Rrx5543H51
X2446K08A04F  C2008 01 25.42029 10 17 47.81 +34 56 14.5          16.7 Rrx5543H51
X2446K08A04F  C2008 01 25.42084 10 17 47.63 +34 56 15.8          16.6 Rrx5543H51
X2446K08A04F  C2008 01 25.42141 10 17 47.49 +34 56 17.1          16.5 Rrx5543H51
X2446K08A04F  C2008 01 25.42198 10 17 47.30 +34 56 18.6          16.9 Rrx5543H51
X2446K08A04F  C2008 01 25.42255 10 17 47.15 +34 56 19.4          16.3 Rrx5543H51
X2446K08A04F  C2008 01 25.42310 10 17 47.00 +34 56 21.0          16.6 Rrx5543H51
X2446K08A04F  C2008 01 25.42367 10 17 46.85 +34 56 22.2          16.7 Rrx5543H51
X2446K08A04F  C2008 01 25.42422 10 17 46.69 +34 56 23.4          16.3 Rrx5543H51
X2446K08A04F  C2008 01 25.42478 10 17 46.52 +34 56 24.4          16.9 Rrx5543H51
X2446K08A04F  C2008 01 25.42535 10 17 46.38 +34 56 25.8          16.6 Rrx5543H51
X2446K08A04F  C2008 01 25.42590 10 17 46.19 +34 56 27.0          16.8 Rrx5543H51
X2446K08A04F  C2008 01 25.42646 10 17 46.03 +34 56 28.4          16.8 Rrx5543H51
X2446K08A04F  C2008 01 25.42703 10 17 45.91 +34 56 29.3          16.5 Rrx5543H51
X2446K08A04F  C2008 01 25.42759 10 17 45.72 +34 56 30.6          16.4 Rrx5543H51
X2446K08A04F  C2008 01 25.42815 10 17 45.57 +34 56 31.9          16.6 Rrx5543H51
X2446K08A04F  C2008 01 25.42872 10 17 45.42 +34 56 32.9          16.5 Rrx5543H51
X2446K08A04F  C2008 01 25.42928 10 17 45.26 +34 56 34.4          16.7 Rrx5543H51
X2446K08A04F  C2008 01 25.42984 10 17 45.08 +34 56 35.8          16.6 Rrx5543H51
X2446K08A04F  C2008 01 25.43041 10 17 44.93 +34 56 36.8          16.7 Rrx5543H51
X2446K08A04F  C2008 01 25.43096 10 17 44.79 +34 56 38.2          16.7 Rrx5543H51
X2446K08A04F  C2008 01 25.43153 10 17 44.63 +34 56 39.5          16.5 Rrx5543H51
X2446K08A04F  C2008 01 25.43209 10 17 44.48 +34 56 40.8          16.7 Rrx5543H51
X2446K08A04F  C2008 01 25.87311 10 15 57.25 +35 12 56.9          16.1 Rrx5543J46
X2446K08A04F  C2008 01 25.87492 10 15 56.78 +35 13 01.4          16.3 Rrx5543J46
X2446K08A04F  C2008 01 25.87674 10 15 56.31 +35 13 05.7          16.5 Rrx5543J46
X2446K08A04F  C2008 01 26.06370 10 15 04.00 +35 20 01.3          16.4  rx5543147
X2446K08A04F  C2008 01 26.06520 10 15 03.58 +35 20 04.4          16.7  rx5543147
X2446K08A04F  C2008 01 26.06670 10 15 03.16 +35 20 07.6          16.4  rx5543147
X2446K08A04F  C2008 01 26.06820 10 15 02.75 +35 20 10.9          16.5  rx5543147
X2446K08A04F  C2008 01 26.06989 10 15 02.28 +35 20 14.4          16.5  rx5543147
X2446K08A04F  C2008 01 26.07120 10 15 01.92 +35 20 17.2          16.4  rx5543147
X2446K08A04F  C2008 01 26.91972 10 11 34.91 +35 48 50.9          16.6 Vrx5543A13
X2446K08A04F  C2008 01 26.92104 10 11 34.56 +35 48 53.7          16.7 Vrx5543A13
X2446K08A04F  C2008 01 26.93584 10 11 30.75 +35 49 23.9          16.6 Vrx5543A13
X2446K08A04F  C2008 01 26.93714 10 11 30.42 +35 49 26.6          16.6 Vrx5543A13
X2446K08A04F  C2008 01 26.95220 10 11 26.54 +35 49 57.2          16.5 Vrx5543A13
X2446K08A04F  C2008 01 26.95352 10 11 26.20 +35 49 59.7          16.6 Vrx5543A13
X2446K08A04F  C2008 01 27.66980 10 08 34.80 +36 12 18.8          16.7 Vrx5544379
X2446K08A04F  C2008 01 27.67203 10 08 34.24 +36 12 22.8          17.0 Vrx5544379
X2446K08A04F  C2008 01 27.68716 10 08 30.37 +36 12 49.9          16.9 Vrx5544379
X2446K08A04F  C2008 01 27.68939 10 08 29.79 +36 12 53.8          16.7 Vrx5544379
X2446K08A04F  C2008 01 27.69161 10 08 29.19 +36 12 58.2          16.6 Vrx5544379
X2446K08A04F  C2008 01 27.70453 10 08 25.88 +36 13 20.4          17.0 Vrx5544379
X2446K08A04F  C2008 01 27.70675 10 08 25.29 +36 13 24.0          17.3 Vrx5544379
X2446K08A04F  C2008 01 27.72189 10 08 21.43 +36 13 50.5          17.1 Vrx5544379
X2446K08A04F  C2008 01 27.72411 10 08 20.82 +36 13 54.1          17.0 Vrx5544379
X2446K08A04F  C2008 01 27.72633 10 08 20.24 +36 13 57.9          17.0 Vrx5544379
X2446K08A04F  C2008 01 28.98482 10 03 39.56 +36 48 05.2          17.4 Vcx5544B09
X2446K08A04F  C2008 01 28.99543 10 03 37.66 +36 48 19.2          17.2 Vcx5544B09
X2446K08A04F  C2008 01 29.10567 10 03 11.71 +36 50 58.1                rx5544J95
X2446K08A04F  C2008 01 29.10857 10 03 11.03 +36 51 02.3                rx5544J95
X2446K08A04F  C2008 01 29.11148 10 03 10.35 +36 51 06.5          16.9 Rrx5544J95
X2446K08A04F  C2008 01 29.89025 10 00 28.84 +37 09 34.8          17.0 Vrx5544A81
X2446K08A04F  C2008 01 29.89669 10 00 27.42 +37 09 44.6          16.9 Vrx5544A81
X2446K08A04F  C2008 01 29.90020 10 00 26.62 +37 09 49.5          17.1 Vrx5544A81
X2446K08A04F  C2008 01 29.90371 10 00 25.84 +37 09 54.5          17.0 Vrx5544A81
X2446K08A04F  C2008 01 29.90759 10 00 24.98 +37 10 00.2          17.1 Vrx5544A81
X2446K08A04F  C2008 01 29.95537 10 00 14.80 +37 11 08.7          17.0 Rrx5544176
X2446K08A04F  C2008 01 29.95624 10 00 14.61 +37 11 09.8          16.8 Rrx5544176
X2446K08A04F  C2008 01 29.95727 10 00 14.38 +37 11 11.6          16.9 Rrx5544176
X2446K08A04F  C2008 01 29.95812 10 00 14.16 +37 11 12.7          17.0 Rrx5544176
X2446K08A04F  C2008 01 29.95898 10 00 13.98 +37 11 14.3          16.9 Rrx5544176
X2446K08A04F  C2008 01 30.19316 09 59 26.48 +37 16 21.0          17.0 Rrx5544649
X2446K08A04F  C2008 01 30.19553 09 59 25.94 +37 16 24.3          17.0 Rrx5544649
X2446K08A04F  C2008 01 30.19791 09 59 25.43 +37 16 27.7          17.0 Rrx5544649
X2446K08A04F  C2008 01 30.20027 09 59 24.92 +37 16 31.0          16.9 Rrx5544649
X2446K08A04F  C2008 01 30.23931 09 59 16.23 +37 17 29.3          16.8 Rrx5544H45
X2446K08A04F  C2008 01 30.24065 09 59 15.93 +37 17 30.9          16.8 Rrx5544H45
X2446K08A04F  C2008 01 30.24265 09 59 15.48 +37 17 33.7          16.8 Rrx5544H45
X2446K08A04F  C2008 01 30.24469 09 59 15.03 +37 17 36.6          16.7 Rrx5544H45
X2446K08A04F  C2008 01 30.24897 09 59 14.05 +37 17 42.3          16.7 Rrx5544H45
X2446K08A04F  C2008 01 30.25149 09 59 13.48 +37 17 46.0          16.7 Rrx5544H45
X2446K08A04F  C2008 01 31.00459 09 56 43.75 +37 33 19.0          17.0 Rrx5544J51
X2446K08A04F  C2008 01 31.00976 09 56 42.62 +37 33 25.6          17.1 Rrx5544J51
X2446K08A04F  C2008 01 31.01493 09 56 41.49 +37 33 32.2          17.1 Rrx5544J51
X2446K08A04F  C2008 01 31.67536 09 54 32.20 +37 45 54.2                rx5544379
X2446K08A04F  C2008 01 31.67758 09 54 31.73 +37 45 56.3                rx5544379
X2446K08A04F  C2008 01 31.69716 09 54 27.59 +37 46 17.3                rx5544379
X2446K08A04F  C2008 01 31.71007 09 54 24.86 +37 46 31.1                rx5544379
X2446K08A04F  C2008 01 31.71229 09 54 24.40 +37 46 33.5                rx5544379
X2446K08A04F  C2008 01 31.72966 09 54 20.70 +37 46 50.6          17.3 Vrx5544379
X2446K08A04F  C2008 01 31.78809 09 54 14.13 +37 47 41.3          17.3 Vox5544B34
X2446K08A04F  C2008 01 31.87816 09 53 55.79 +37 49 27.0          17.1 Vox5544B34
X2446K08A04F  C2008 02 01.17212 09 53 02.76 +37 54 19.2          16.9 Vrx5544703
X2446K08A04F  C2008 02 01.17646 09 53 01.86 +37 54 24.3          17.0 Vrx5544703
X2446K08A04F  C2008 02 01.18081 09 53 01.06 +37 54 29.2          17.1 Vrx5544703
X2446K08A04F  C2008 02 01.18515 09 53 00.20 +37 54 34.3          17.1 Vrx5544703
X2446K08A04F  C2008 02 01.60800 09 51 41.06 +38 01 38.6          17.5 Vrx6366379
X2446K08A04F  C2008 02 01.61091 09 51 40.51 +38 01 41.5                rx6366379
X2446K08A04F  C2008 02 01.62815 09 51 37.07 +38 01 58.7                rx6366379
X2446K08A04F  C2008 02 01.63106 09 51 36.48 +38 02 01.2                rx6366379
X2446K08A04F  C2008 02 02.27344 09 49 43.29 +38 11 43.3          17.4  cx6366704
X2446K08A04F  C2008 02 02.28518 09 49 41.00 +38 11 54.2          17.9  cx6366704
X2446K08A04F  C2008 02 02.29695 09 49 38.73 +38 12 04.8          17.4  cx6366704
X2446K08A04F  C2008 02 02.30900 09 49 36.39 +38 12 15.9          17.6  cx6366704
X2446K08A04F  C2008 02 02.32076 09 49 34.06 +38 12 26.3          17.6  cx6366704
X2446K08A04F  C2008 02 02.91071 09 47 54.01 +38 20 15.4          16.7 Rox6366639
X2446K08A04F  C2008 02 02.91487 09 47 53.24 +38 20 19.0          16.8 Rox6366639
X2446K08A04F  C2008 02 02.91927 09 47 52.45 +38 20 22.9          16.8 Rox6366639
X2446K08A04F  C2008 02 02.92309 09 47 51.78 +38 20 26.3          16.9 Rcx6366639
X2446K08A04F  C2008 02 02.92726 09 47 51.00 +38 20 29.8          16.8 Rcx6366639
X2446K08A04F  C2008 02 02.93206 09 47 50.17 +38 20 34.0          16.7 Rcx6366639
X2446K08A04F  C2008 02 03.26356 09 46 55.37 +38 25 01.9          17.3 Vox6366291
X2446K08A04F  C2008 02 03.26870 09 46 54.44 +38 25 06.5          18.6 Vox6366291
X2446K08A04F  C2008 02 03.79675 09 45 29.09 +38 30 59.7          17.1 Vrx6366A17
X2446K08A04F  C2008 02 03.80452 09 45 27.80 +38 31 06.2          17.1 Vrx6366A17
X2446K08A04F  C2008 02 03.81114 09 45 26.74 +38 31 11.2          17.2 Vrx6366A17
X2446K08A04F  C2008 02 03.82553 09 45 24.15 +38 31 39.2          17.9 Vox6366B34
X2446K08A04F  C2008 02 03.84666 09 45 20.44 +38 31 55.8          17.5 Vox6366B34
X2446K08A04F  C2008 02 03.93465 09 45 05.52 +38 32 47.5                ox6366246
X2446K08A04F  C2008 02 03.93556 09 45 05.34 +38 32 48.3                ox6366246
X2446K08A04F  C2008 02 03.93632 09 45 05.21 +38 32 48.8                ox6366246
X2446K08A04F  C2008 02 03.93725 09 45 05.06 +38 32 49.6                ox6366246
X2446K08A04F  C2008 02 03.93899 09 45 04.76 +38 32 50.6                ox6366246
X2446K08A04F  C2008 02 03.93953 09 45 04.66 +38 32 51.1                ox6366246
X2446K08A04F  C2008 02 03.94801 09 45 03.14 +38 32 55.0          17.0 Rcx6366A80
X2446K08A04F  C2008 02 03.94992 09 45 02.82 +38 32 56.0          17.1 Rcx6366A80
X2446K08A04F  C2008 02 03.95181 09 45 02.49 +38 32 57.5          17.0 Rcx6366A80
X2446K08A04F  C2008 02 04.74063 09 42 56.83 +38 41 26.3          17.1 Vrx6366379
X2446K08A04F  C2008 02 04.74646 09 42 55.88 +38 41 29.3          17.6 Vrx6366379
X2446K08A04F  C2008 02 04.76368 09 42 53.03 +38 41 37.8          17.3 Vrx6366379
X2446K08A04F  C2008 02 04.76660 09 42 52.53 +38 41 39.5          17.4 Vrx6366379
X2446K08A04F  C2008 02 05.33115 09 41 30.09 +38 47 01.3          16.5 Vdx6366G72
X2446K08A04F  C2008 02 05.33413 09 41 29.57 +38 47 03.0          16.8 Vdx6366G72
X2446K08A04F  C2008 02 05.33713 09 41 29.07 +38 47 03.7          16.5 Vdx6366G72
X2446K08A04F  C2008 02 05.34012 09 41 28.49 +38 47 06.3          16.8 Vdx6366G72
X2446K08A04F  C2008 02 05.34311 09 41 28.16 +38 47 08.4          17.1 Vdx6366G72
X2446K08A04F  C2008 02 05.34536 09 41 27.70 +38 47 09.2          16.9 Vdx6366G72
X2446K08A04F  C2008 02 05.87722 09 40 12.01 +38 51 23.0          17.9 Rox6366J44
X2446K08A04F  C2008 02 05.88533 09 40 10.78 +38 51 26.7          17.3 Rox6366J44
X2446K08A04F  C2008 02 05.89151 09 40 09.86 +38 51 30.6          17.5 Rox6366J44
X2446K08A04F  C2008 02 06.16300 09 39 30.77 +38 53 38.3                rx6366726
X2446K08A04F  C2008 02 06.16912 09 39 29.89 +38 53 40.9          17.6 Rrx6366726
X2446K08A04F  C2008 02 06.29588 09 39 11.42 +38 54 49.4          16.6 Vdx6366G72
X2446K08A04F  C2008 02 06.29970 09 39 10.74 +38 54 51.1          16.7 Vdx6366G72
X2446K08A04F  C2008 02 06.30214 09 39 10.42 +38 54 52.8          16.5 Vdx6366G72
X2446K08A04F  C2008 02 06.30581 09 39 09.77 +38 54 54.5          16.9 Vdx6366G72
X2446K08A04F  C2008 02 06.30825 09 39 09.43 +38 54 56.3          16.7 Vdx6366G72
X2446K08A04F  C2008 02 06.31072 09 39 09.02 +38 54 57.2          16.7 Vdx6366G72
X2446K08A04F  C2008 02 06.43300 09 38 49.30 +38 55 48.7          17.6 Vox6366291
X2446K08A04F  C2008 02 06.43782 09 38 48.56 +38 55 50.3          17.7 Vox6366291
X2446K08A04F  C2008 02 06.44287 09 38 47.78 +38 55 51.9          17.6 Vox6366291
X2446K08A04F  C2008 02 07.21408 09 37 06.45 +39 00 57.0          17.7 Vox6366291
X2446K08A04F  C2008 02 07.21967 09 37 05.62 +39 00 59.5          17.7 Vox6366291
X2446K08A04F  C2008 02 07.22804 09 37 04.38 +39 01 03.3          17.7 Vox6366291
X2446K08A04F  C2008 02 07.38749 09 36 39.66 +39 01 57.4          17.4 Rrx6366H45
X2446K08A04F  C2008 02 07.39484 09 36 38.60 +39 01 59.3          17.2 Rrx6366H45
X2446K08A04F  C2008 02 07.39646 09 36 38.39 +39 01 59.7          17.2 Rrx6366H45
X2446K08A04F  C2008 02 07.39829 09 36 38.10 +39 02 00.2          17.4 Rrx6366H45
X2446K08A04F  C2008 02 07.40003 09 36 37.85 +39 02 00.7          17.3 Rrx6366H45
X2446K08A04F  C2008 02 07.67341 09 36 03.30 +39 03 38.7          17.3 Vrx6366379
X2446K08A04F  C2008 02 07.69065 09 36 00.84 +39 03 43.3          17.3 Vrx6366379
X2446K08A04F  C2008 02 07.69356 09 36 00.39 +39 03 44.2          17.5 Vrx6366379
X2446K08A04F  C2008 02 07.69648 09 35 59.91 +39 03 45.7          17.4 Vrx6366379
X2446K08A04F  C2008 02 07.71368 09 35 57.45 +39 03 50.0          17.7 Vrx6366379
X2446K08A04F  C2008 02 07.71660 09 35 56.99 +39 03 50.9          17.5 Vrx6366379
X2446K08A04F  C2008 02 07.79236 09 35 50.63 +39 04 10.3          17.7 Vox6366B34
X2446K08A04F  C2008 02 07.87990 09 35 38.04 +39 04 43.3          17.3 Vox6366B34
X2446K08A04F  C2008 02 07.99933 09 35 21.86 +39 05 13.4          17.7 Rrx7666130
X2446K08A04F  C2008 02 08.00084 09 35 21.67 +39 05 13.9          17.6 Rrx7666130
X2446K08A04F  C2008 02 08.00235 09 35 21.44 +39 05 14.5          17.6 Rrx7666130
X2446K08A04F  C2008 02 08.00385 09 35 21.23 +39 05 14.9          17.5 Rrx7666130
X2446K08A04F  C2008 02 08.22725 09 34 54.76 +39 06 25.6          17.8 Vox6366291
X2446K08A04F  C2008 02 08.23296 09 34 53.95 +39 06 27.6          17.8 Vox6366291
X2446K08A04F  C2008 02 08.23857 09 34 53.16 +39 06 29.6          17.8 Vox6366291
X2446K08A04F  C2008 02 08.78749 09 33 45.97 +39 08 36.5          17.8 Vcx7666A78
X2446K08A04F  C2008 02 08.78994 09 33 45.68 +39 08 37.6          17.8 Vcx7666A78
X2446K08A04F  C2008 02 08.80241 09 33 44.10 +39 08 41.9          17.6 Vcx7666A78
X2446K08A04F  C2008 02 08.83844 09 33 39.26 +39 08 49.4          17.6 Vrx7666A17
X2446K08A04F  C2008 02 08.85918 09 33 36.57 +39 08 56.4          17.7 Vrx7666A17
X2446K08A04F  C2008 02 08.87620 09 33 34.32 +39 09 01.2          17.6 Vrx7666A17
X2446K08A04F  C2008 02 08.89208 09 33 32.68 +39 09 10.9          17.5 Rrx7666176
X2446K08A04F  C2008 02 08.89294 09 33 32.56 +39 09 11.2          17.4 Rrx7666176
X2446K08A04F  C2008 02 08.89381 09 33 32.44 +39 09 11.5          17.7 Rrx7666176
X2446K08A04F  C2008 02 08.89466 09 33 32.32 +39 09 11.8          17.4 Rrx7666176
X2446K08A04F  C2008 02 08.89552 09 33 32.20 +39 09 12.1          17.5 Rrx7666176
X2446K08A04F  C2008 02 08.89639 09 33 32.08 +39 09 12.4          17.4 Rrx7666176
X2446K08A04F  C2008 02 08.90851 09 33 30.15 +39 09 13.9          17.6 Rcx9166A53
X2446K08A04F  C2008 02 08.92020 09 33 28.52 +39 09 17.3          17.5 Rcx9166A53
X2446K08A04F  C2008 02 08.92934 09 33 27.28 +39 09 18.8          17.0 Rcx9166A53
X2446K08A04F  C2008 02 08.98962 09 33 19.03 +39 09 32.1                ox7666046
X2446K08A04F  C2008 02 08.99072 09 33 18.88 +39 09 32.4                ox7666046
X2446K08A04F  C2008 02 08.99240 09 33 18.65 +39 09 32.4                ox7666046
X2446K08A04F  C2008 02 08.99315 09 33 18.55 +39 09 32.6                ox7666046
X2446K08A04F  C2008 02 08.99389 09 33 18.45 +39 09 33.0                ox7666046
X2446K08A04F  C2008 02 08.99462 09 33 18.34 +39 09 33.3                ox7666046
X2446K08A04F  C2008 02 09.36891 09 32 32.51 +39 10 58.0          17.6 Rrx7666H45
X2446K08A04F  C2008 02 09.36998 09 32 32.39 +39 10 58.3          17.6 Rrx7666H45
X2446K08A04F  C2008 02 09.37248 09 32 32.04 +39 10 58.6          17.4 Rrx7666H45
X2446K08A04F  C2008 02 09.37456 09 32 31.79 +39 10 58.8          17.4 Rrx7666H45
X2446K08A04F  C2008 02 09.37541 09 32 31.67 +39 10 58.8          17.3 Rrx7666H45
X2446K08A04F  C2008 02 09.37747 09 32 31.40 +39 10 59.2          17.6 Rrx7666H45
X2446K08A04F  C2008 02 09.74888 09 31 52.04 +39 11 49.1          18.0 Vox7666151
X2446K08A04F  C2008 02 09.75052 09 31 51.84 +39 11 49.9          18.2 Vox7666151
X2446K08A04F  C2008 02 09.75216 09 31 51.65 +39 11 50.6          18.3 Vox7666151
X2446K08A04F  C2008 02 09.89301 09 31 34.34 +39 12 25.7                ox7666046
X2446K08A04F  C2008 02 09.89422 09 31 34.20 +39 12 26.2                ox7666046
X2446K08A04F  C2008 02 09.89523 09 31 34.08 +39 12 25.9                ox7666046
X2446K08A04F  C2008 02 09.89606 09 31 33.96 +39 12 25.8                ox7666046
X2446K08A04F  C2008 02 09.89683 09 31 33.89 +39 12 26.5                ox7666046
X2446K08A04F  C2008 02 09.89757 09 31 33.80 +39 12 26.6                ox7666046
X2446K08A04F  C2008 02 09.91405 09 31 31.89 +39 12 32.0          17.9 Vcx7666560
X2446K08A04F  C2008 02 09.91606 09 31 31.64 +39 12 32.3          18.0 Vcx7666560
X2446K08A04F  C2008 02 09.91670 09 31 31.52 +39 12 34.5          17.6 Vrx7666A81
X2446K08A04F  C2008 02 09.91806 09 31 31.39 +39 12 32.7          17.9 Vcx7666560
X2446K08A04F  C2008 02 09.92587 09 31 30.41 +39 12 34.6          17.8 Rcx9166A53
X2446K08A04F  C2008 02 09.92931 09 31 29.92 +39 12 36.8          17.5 Vrx7666A81
X2446K08A04F  C2008 02 09.93760 09 31 28.84 +39 12 38.5          17.4 Vrx7666A81
X2446K08A04F  C2008 02 09.93844 09 31 28.80 +39 12 36.6          17.9 Rcx9166A53
X2446K08A04F  C2008 02 09.95324 09 31 26.92 +39 12 39.6          17.8 Rcx9166A53
X2446K08A04F  C2008 02 10.25560 09 30 53.53 +39 13 31.6          17.7 Vrx7666703
X2446K08A04F  C2008 02 10.26218 09 30 52.66 +39 13 32.7          17.8 Vrx7666703
X2446K08A04F  C2008 02 10.26877 09 30 51.84 +39 13 34.3          17.8 Vrx7666703
X2446K08A04F  C2008 02 10.27536 09 30 50.94 +39 13 35.1          17.7 Vrx7666703
X2446K08A04F  C2008 02 11.37054 09 28 51.95 +39 15 26.3          16.7 Vdx7666G72
X2446K08A04F  C2008 02 11.37287 09 28 51.67 +39 15 26.1          16.8 Vdx7666G72
X2446K08A04F  C2008 02 11.37812 09 28 50.98 +39 15 25.7          16.9 Vdx7666G72
X2446K08A04F  C2008 02 11.38199 09 28 49.57 +39 15 21.1          17.9 Rrx7666H45
X2446K08A04F  C2008 02 11.38306 09 28 49.43 +39 15 21.1          17.8 Rrx7666H45
X2446K08A04F  C2008 02 11.38447 09 28 49.23 +39 15 21.1          17.6 Rrx7666H45
X2446K08A04F  C2008 02 11.38609 09 28 49.07 +39 15 21.0          17.7 Rrx7666H45
X2446K08A04F  C2008 02 11.38904 09 28 48.74 +39 15 21.0          17.5 Rrx7666H45
X2446K08A04F  C2008 02 11.38980 09 28 48.65 +39 15 20.9          17.6 Rrx7666H45
X2446K08A04F  C2008 02 11.43788 09 28 43.62 +39 15 26.4                ox7666291
X2446K08A04F  C2008 02 11.44259 09 28 43.07 +39 15 26.3                ox7666291
X2446K08A04F  C2008 02 11.44723 09 28 42.54 +39 15 26.1                ox7666291
X2446K08A04F  C2008 02 11.84673 09 28 05.38 +39 15 38.8          18.7 Vox7666B04
X2446K08A04F  C2008 02 11.85358 09 28 04.61 +39 15 39.5          18.8 Vox7666B04
X2446K08A04F  C2008 02 11.87869 09 28 01.71 +39 15 42.9          18.5 Vox7666B04
X2446K08A04F  C2008 02 11.94441 09 27 54.16 +39 15 46.5                ox7666046
X2446K08A04F  C2008 02 11.94549 09 27 54.02 +39 15 46.6                ox7666046
X2446K08A04F  C2008 02 11.94649 09 27 53.92 +39 15 46.7                ox7666046
X2446K08A04F  C2008 02 11.94865 09 27 53.67 +39 15 46.6                ox7666046
X2446K08A04F  C2008 02 11.94990 09 27 53.54 +39 15 46.7                ox7666046
X2446K08A04F  C2008 02 11.95244 09 27 53.22 +39 15 47.1                ox7666046
X2446K08A04F  C2008 02 11.97165 09 27 52.38 +39 15 57.5          17.6 Rrx7666J51
X2446K08A04F  C2008 02 11.97968 09 27 51.48 +39 15 58.4          17.8 Rrx7666J51
X2446K08A04F  C2008 02 11.98771 09 27 50.57 +39 15 59.0          17.8 Rrx7666J51
X2446K08A04F  C2008 02 12.92519 09 26 19.26 +39 15 52.3                ox7666046
X2446K08A04F  C2008 02 12.92625 09 26 19.14 +39 15 52.5                ox7666046
X2446K08A04F  C2008 02 12.92690 09 26 19.09 +39 15 52.8                ox7666046
X2446K08A04F  C2008 02 12.92753 09 26 19.00 +39 15 52.7                ox7666046
X2446K08A04F  C2008 02 12.92819 09 26 18.91 +39 15 52.4                ox7666046
X2446K08A04F  C2008 02 12.92980 09 26 18.77 +39 15 52.6                ox7666046
X2446K08A04F  C2008 02 12.93045 09 26 18.70 +39 15 52.6                ox7666046
X2446K08A04F  C2008 02 12.97558 09 26 13.99 +39 15 50.9                dx7666048
X2446K08A04F  C2008 02 12.97889 09 26 13.61 +39 15 50.9                dx7666048
X2446K08A04F  C2008 02 12.97999 09 26 13.53 +39 15 50.8                dx7666048
X2446K08A04F  C2008 02 12.98109 09 26 13.41 +39 15 50.8                dx7666048
X2446K08A04F  C2008 02 12.98439 09 26 13.04 +39 15 50.7                dx7666048
X2446K08A04F  C2008 02 13.58509 09 25 18.70 +39 15 34.8          18.3 Rmx9166355
X2446K08A04F  C2008 02 13.58959 09 25 18.26 +39 15 34.4                mx9166355
X2446K08A04F  C2008 02 13.59561 09 25 17.66 +39 15 34.2                mx9166355
X2446K08A04F  C2008 02 13.60012 09 25 17.13 +39 15 34.0                mx9166355
X2446K08A04F  C2008 02 13.92064 09 24 49.20 +39 15 07.8          18.0 Vcx7666560
X2446K08A04F  C2008 02 13.92177 09 24 48.92 +39 15 06.0                ox7666046
X2446K08A04F  C2008 02 13.92185 09 24 49.08 +39 15 07.7          18.1 Vcx7666560
X2446K08A04F  C2008 02 13.92274 09 24 48.84 +39 15 06.4                ox7666046
X2446K08A04F  C2008 02 13.92367 09 24 48.73 +39 15 06.1                ox7666046
X2446K08A04F  C2008 02 13.92386 09 24 48.87 +39 15 07.8          18.0 Vcx7666560
X2446K08A04F  C2008 02 13.92456 09 24 48.66 +39 15 05.9                ox7666046
X2446K08A04F  C2008 02 13.92545 09 24 48.59 +39 15 05.6                ox7666046
X2446K08A04F  C2008 02 13.92633 09 24 48.49 +39 15 05.9                ox7666046
X2446K08A04F  C2008 02 13.92722 09 24 48.38 +39 15 05.4                ox7666046
X2446K08A04F  C2008 02 16.97922 09 20 48.52 +39 07 52.8          18.6 Vcx9166560
X2446K08A04F  C2008 02 16.98085 09 20 48.28 +39 07 52.2          18.8 Vcx9166560
X2446K08A04F  C2008 02 16.98288 09 20 48.09 +39 07 51.6          18.6 Vcx9166560
X2446K08A04F  C2008 02 16.99028 09 20 47.53 +39 07 47.4                ox9166246
X2446K08A04F  C2008 02 16.99128 09 20 47.46 +39 07 47.3                ox9166246
X2446K08A04F  C2008 02 16.99236 09 20 47.39 +39 07 47.7                ox9167246
X2446K08A04F  C2008 02 16.99439 09 20 47.19 +39 07 45.8                ox9167246
X2446K08A04F  C2008 02 16.99552 09 20 47.12 +39 07 45.5                ox9167246
X2446K08A04F  C2008 02 16.99619 09 20 47.05 +39 07 46.0                ox9167246
X2446K08A04F  C2008 02 16.99944 09 20 46.75 +39 07 45.2                ox9167046
X2446K08A04F  C2008 02 17.00050 09 20 46.70 +39 07 44.9                ox9167046
X2446K08A04F  C2008 02 17.00138 09 20 46.70 +39 07 44.8                ox9167046
X2446K08A04F  C2008 02 17.00322 09 20 46.48 +39 07 44.8                ox9167046
X2446K08A04F  C2008 02 17.00509 09 20 46.34 +39 07 43.1                ox9167046
X2446K08A04F  C2008 02 17.10875 09 20 38.64 +39 07 17.9                rx9167J95
X2446K08A04F  C2008 02 17.11505 09 20 38.17 +39 07 16.1                rx9167J95
X2446K08A04F  C2008 02 17.12131 09 20 37.69 +39 07 14.5          18.7 Rrx9167J95
X2446K08A04F  C2008 02 17.90340 09 19 47.50 +39 04 18.3          18.1 Vox9167J66
X2446K08A04F  C2008 02 17.90785 09 19 47.20 +39 04 17.6          18.0 Vox9167J66
X2446K08A04F  C2008 02 17.91228 09 19 46.85 +39 04 16.2          18.0 Vox9167J66
X2446K08A04F  C2008 02 17.91672 09 19 46.54 +39 04 14.8          18.3 Vox9167J66
X2446K08A04F  C2008 02 17.92117 09 19 46.21 +39 04 14.3          18.4 Vox9167J66
X2446K08A04F  C2008 02 17.92561 09 19 45.87 +39 04 12.7          18.2 Vox9167J66
X2446K08A04F  C2008 02 18.00985 09 19 39.61 +39 03 53.4                rx9167J95
X2446K08A04F  C2008 02 18.01517 09 19 39.24 +39 03 52.3                rx9167J95
X2446K08A04F  C2008 02 18.02049 09 19 38.82 +39 03 50.9          18.8 Rrx9167J95
X2446K08A04F  C2008 02 18.78458 09 18 53.27 +39 00 26.9          18.4 Vox9578198
X2446K08A04F  C2008 02 18.78843 09 18 53.04 +39 00 26.2          18.4 Vox9578198
X2446K08A04F  C2008 02 18.79060 09 18 52.90 +39 00 25.8          18.4 Vox9578198
X2446K08A04F  C2008 02 18.79565 09 18 52.61 +39 00 24.9          18.4 Vox9578198
X2446K08A04F  C2008 02 26.91342 09 13 21.49 +38 07 31.4          18.8 Vox9578B03
X2446K08A04F  C2008 02 26.92088 09 13 21.28 +38 07 27.8          18.5 Vox9578B03
X2446K08A04F  C2008 02 26.92833 09 13 21.04 +38 07 24.1          19.1 Vox9578B03
X2446K08A04F  C2008 02 26.93579 09 13 20.78 +38 07 20.6          18.4 Vox9578B03
X2446K08A04F  C2008 03 01.29898 09 12 24.82 +37 38 18.3          19.1 Rry0835H45
X2446K08A04F  C2008 03 01.30057 09 12 24.79 +37 38 17.3          19.1 Rry0835H45
X2446K08A04F  C2008 03 01.30203 09 12 24.76 +37 38 16.5          19.0 Rry0835H45
X2446K08A04F  C2008 03 01.30346 09 12 24.74 +37 38 15.9          19.0 Rry0835H45
X2446K08A04F  C2008 03 01.30487 09 12 24.68 +37 38 15.1          19.0 Rry0835H45
X2446K08A04F  C2008 03 01.30627 09 12 24.64 +37 38 13.9          19.1 Rry0835H45
X2446K08A04F  C2008 03 04.25897 09 12 10.34 +37 10 16.6                cy0835711
X2446K08A04F  C2008 03 04.26635 09 12 10.29 +37 10 11.4          19.5 Vry0835703
X2446K08A04F  C2008 03 04.26944 09 12 10.24 +37 10 10.0                cy0835711
X2446K08A04F  C2008 03 04.27296 09 12 10.33 +37 10 08.1          19.5 Vry0835703
X2446K08A04F  C2008 03 04.27956 09 12 10.26 +37 10 03.9          19.2 Vry0835703
X2446K08A04F  C2008 03 04.27991 09 12 10.14 +37 10 04.4                cy0835711
X2446K08A04F  C2008 03 04.28610 09 12 10.15 +37 10 00.3          19.3 Vry0835703
X2446K08A04F  C2008 03 05.19983 09 12 12.25 +37 00 56.1                cy0835711
X2446K08A04F  C2008 03 05.21030 09 12 12.18 +37 00 49.8                cy0835711
X2446K08A04F  C2008 03 05.22078 09 12 12.10 +37 00 43.3                cy0835711
X2446K08A04F  C2008 03 05.83427 09 12 15.04 +36 54 24.8          19.3 Vry0835A17
X2446K08A04F  C2008 03 05.84538 09 12 15.04 +36 54 18.5          19.3 Vry0835A17
X2446K08A04F  C2008 03 05.85535 09 12 14.99 +36 54 12.6          19.3 Vry0835A17
X2446K08A04F  C2008 03 08.19995 09 12 35.19 +36 29 59.3          18.6 Rcy2236711
X2446K08A04F  C2008 03 08.20242 09 12 35.01 +36 29 54.6          19.8 Rry2236734
X2446K08A04F IC2008 03 08.20997 09 12 35.24 +36 29 52.8          18.9 Rcy2236711
X2446K08A04F IC2008 03 08.22001 09 12 35.29 +36 29 48.2          18.9 Rcy2236711
X2446K08A04F  C2008 03 08.22017 09 12 35.07 +36 29 43.3          19.6 Rry2236734
X2446K08A04F  C2008 03 09.25352 09 12 49.28 +36 18 44.5          19.8 Vry2236703
X2446K08A04F  C2008 03 09.25917 09 12 49.21 +36 18 39.9          19.9 Vry2236703
X2446K08A04F  C2008 03 09.26474 09 12 49.42 +36 18 37.9          19.9 Vry2236703
X2446K08A04F  C2008 03 09.27031 09 12 49.42 +36 18 33.0          19.9 Vry2236703
X2446K08A04F 2C2008 03 13.50190709 14 17.862+35 31 43.27         19.7 Roy3587568
X2446K08A04F 2C2008 03 13.50251509 14 17.882+35 31 42.86         19.8 Roy3587568
X2446K08A04F  C2008 03 15.11230 09 15 05.53 +35 13 19.1          20.6 Voy3587291
X2446K08A04F  C2008 03 15.11681 09 15 05.64 +35 13 15.8          20.7 Voy3587291
X2446K08A04F  C2008 03 15.12130 09 15 05.75 +35 13 12.9          20.8 Voy3587291
X2446K08A04F  C2008 03 20.35045 09 18 13.29 +34 11 46.3          20.2 Roy4084H01
X2446K08A04F  C2008 03 20.35781 09 18 13.57 +34 11 40.9          20.1 Roy4084H01
X2446K08A04F  C2008 03 20.36578 09 18 13.88 +34 11 34.9          20.1 Roy4084H01
X2446K08A04F  C2008 03 26.17440 09 22 45.46 +33 01 10.8          20.7 Rry4084734
X2446K08A04F  C2008 03 26.19566 09 22 46.43 +33 00 55.4          20.9 Rry4084734
X2446K08A04F  C2008 03 26.20274 09 22 46.82 +33 00 50.5          20.6 Rry4084734
X2446K08A04F  C2008 03 26.20983 09 22 47.20 +33 00 45.3          20.7 Rry4084734
X2446K08A04F  C2008 04 03.08816109 30 17.27 +31 22 39.0          20.8 Voy4797H55
X2446K08A04F  C2008 04 03.09572409 30 17.73 +31 22 32.8          20.9 Voy4797H55
X2446K08A04F  C2008 04 03.10320509 30 18.21 +31 22 27.9          21.0 Voy4797H55
X2446K08A04F  C2008 04 05.21650 09 32 32.00 +30 55 44.6          21.4 Rry5812734
X2446K08A04F  C2008 04 05.22713 09 32 32.64 +30 55 35.3          21.6 Rry5812734
X2446K08A04F 2C2008 04 12.24340709 40 33.696+29 25 59.57         20.8 Roy7772568
X2446K08A04F 2C2008 04 22.25897909 53 12.461+27 16 14.08         21.6 Roz0984568
X2446K08A04F 2C2008 04 22.26152509 53 12.656+27 16 12.15         21.5 Roz0984568
X2446K08A04F 2C2008 04 22.26468409 53 12.894+27 16 09.61         21.5 Roz0984568
X2446K08A04F 2C2008 04 22.26742809 53 13.101+27 16 07.46         21.6 Roz0984568
X2446K08A04F  C2008 04 23.08951309 54 18.36 +27 05 21.5          22.2  oy7772H55
X2446K08A04F  C2008 04 23.10120809 54 19.27 +27 05 12.0          22.3  oy7772H55
X2446K08A04F  C2008 04 23.11305109 54 20.19 +27 05 03.1          22.2  oy7772H55
X2446K08A04F 2C2008 05 20.31110110 33 12.946+21 05 39.01         21.9 Roz0984568
X2446K08A04F 2C2008 05 20.31500510 33 13.290+21 05 35.77         22.1 Roz0984568
X2446K08A04F  C2010 04 10.33327415 45 57.17 -03 41 41.2          22.1 Vo~0GCZH21
X2446K08A04F  C2010 04 10.35005215 45 56.04 -03 41 33.5          22.2 Vo~0GCZH21
X2446K08A04F  C2010 04 10.37127715 45 54.75 -03 41 22.5          22.4 Vo~0GCZH21
X2446K08A04F KC2010 05 31.17445114 27 14.51 +00 29 33.5          22.3 Vo~0I0RH21
X2446K08A04F KC2010 05 31.18938514 27 13.34 +00 29 32.0          22.0 Vo~0I0RH21
X2446K08A04F KC2010 05 31.20456014 27 12.16 +00 29 30.4          22.1 Vo~0I0RH21
X2446K08A04F KC2012 06 12.39371 21 49 23.25 -11 42 50.8          20.3 Ro~0hJa291
X2446K08A04F KC2012 06 12.39650 21 49 23.62 -11 42 50.5          20.1 Ro~0hJa291
X2446K08A04F KC2012 06 12.39929 21 49 24.02 -11 42 50.0          20.2 Ro~0hJa291
X2446K08A04F KC2012 06 13.40590 21 51 48.84 -11 40 46.6          20.4 Ro~0hJa291
X2446K08A04F KC2012 06 13.41004 21 51 49.44 -11 40 45.9          20.5 Ro~0hJa291
X2446         C2013 03 19.55752 12 56 29.098+16 21 15.33         20.9 gL~0qS7F51
X2446         C2013 03 19.56848 12 56 27.752+16 21 24.31         21.2 gL~0qS7F51
X2446        KC2015 04 28.38849216 55 43.98 -08 54 16.5          22.1 Vu~1RcMH21
X2446        KC2015 04 28.40133616 55 43.32 -08 54 13.0          22.2 Vu~1RcMH21
X2446         C2015 05 18.53540 16 28 07.413-07 26 32.17         21.5 wL~1SdtF51
X2446         C2015 05 18.54600 16 28 06.279-07 26 30.15         21.4 wL~1SdtF51
X2446         C2015 05 18.55657 16 28 05.118-07 26 28.09         21.3 wL~1SdtF51
X2446         C2015 05 25.36548 16 15 30.11 -07 07 00.6          20.8 Vq~1SyUG96
X2446         C2015 05 25.37059 16 15 29.52 -07 07 00.7                q~1SyUG96
X2446         C2015 05 25.37570 16 15 28.94 -07 06 59.5          21.2 Vq~1SyUG96
X2446         C2015 05 25.38081 16 15 28.38 -07 06 59.1          21.4 Vq~1SyUG96
X2446         C2015 06 14.28785 15 38 17.16 -07 04 22.6          21.4 Vq~1Th0G96
X2446         C2015 06 14.29204 15 38 16.67 -07 04 22.9          21.5 Vq~1Th0G96
X2446         C2015 06 14.29622 15 38 16.26 -07 04 23.2          21.4 Vq~1Th0G96
X2446         C2015 06 14.30041 15 38 15.84 -07 04 24.2          21.6 Vq~1Th0G96
X2446        KC2015 06 15.24589 15 36 42.54 -07 06 34.9          20.9 Ro~1Th0291
X2446        KC2015 06 15.24874 15 36 42.27 -07 06 35.1          20.7 Ro~1Th0291
X2446        KC2015 06 15.25160 15 36 41.98 -07 06 35.4          20.8 Ro~1Th0291
X2446         C2015 06 19.33622 15 30 22.018-07 18 25.76         21.6 wL~1U6EF51
X2446         C2015 06 19.34924 15 30 20.824-07 18 28.12         21.6 wL~1U6EF51
X2446         C2015 06 19.36227 15 30 19.620-07 18 30.71         21.7 wL~1U6EF51
X2446         C2015 06 19.37525 15 30 18.430-07 18 33.45         21.6 wL~1U6EF51
X2446        KC2016 02 18.15773 02 09 44.47 +11 56 17.4                o~1moS291
X2446        KC2016 02 18.16327 02 09 46.21 +11 56 31.2                o~1moS291
X2446        KC2016 02 18.16885 02 09 47.99 +11 56 45.4                o~1moS291
X2446        ^C2016 02 20.12510 02 20 20.04 +13 18 35.9          21.2 Ro~1mz4695
X2446        ^C2016 02 20.13220 02 20 22.29 +13 18 53.4          21.5 Ro~1mz4695
X2446        ^C2016 02 20.13929 02 20 24.58 +13 19 11.3          21.4 Ro~1mz4695
X2446        ^C2016 02 24.10086 02 41 55.92 +15 58 27.6          20.7 Ro~1mz4695
X2446        ^C2016 02 24.10306 02 41 56.62 +15 58 32.6          20.7 Ro~1mz4695
X2446        ^C2016 02 24.10525 02 41 57.36 +15 58 37.9          20.8 Ro~1mz4695
X2446        KC2016 03 09.12750 03 59 00.72 +23 43 24.3          20.1 Ro~1oTA291
X2446        KC2016 03 09.12974 03 59 01.46 +23 43 28.2          20.3 Ro~1oTA291
X2446        KC2016 03 09.13199 03 59 02.20 +23 43 31.9                o~1oTA291
X2446        KC2016 03 11.14065 04 10 00.20 +24 34 55.5          20.5 Ro~1oTA291
X2446        KC2016 03 11.14289 04 10 00.92 +24 34 59.0          20.4 Ro~1oTA291
X2446        KC2016 03 11.14515 04 10 01.69 +24 35 01.9          20.4 Ro~1oTA291
X2446        KC2018 03 10.40679614 50 30.57 +00 18 45.2          22.2 Vu~2aDyH21
X2446        KC2018 03 10.41450214 50 30.33 +00 18 49.8          22.5 Vu~2aDyH21
X2446        KC2018 03 10.42098714 50 30.16 +00 18 53.6          22.6 Vu~2aDyH21
X2446        KC2018 03 13.35952214 48 56.38 +00 50 34.4          22.1 Vu~2aDyH21
X2446        KC2018 03 13.36681714 48 56.10 +00 50 39.2          22.1 Vu~2aDyH21
X2446        KC2018 03 13.37633914 48 55.70 +00 50 45.1          22.2 Vu~2aDyH21
X2446        KC2018 03 14.33486214 48 19.50 +01 01 23.9          22.1 Vu~2aDyH21
X2446        KC2018 03 14.34418814 48 19.10 +01 01 30.1          22.1 Vu~2aDyH21
X2446        KC2018 03 14.35392114 48 18.70 +01 01 36.6          22.0 Vu~2aDyH21
X2446        !C2018 04 10.35291 14 14 12.18 +06 17 38.5          19.4 Rt~2bgx673
X2446        !C2018 04 10.36023 14 14 11.49 +06 17 43.1                t~2bgx673
X2446         C2018 04 20.32766 13 56 34.63 +07 46 19.1          21.4 GU~2cMBG96
X2446         C2018 04 20.33285 13 56 34.14 +07 46 21.1          21.6 GU~2cMBG96
X2446         C2018 04 20.33801 13 56 33.53 +07 46 24.3          20.9 GU~2cMBG96
X2446         C2020 07 09.31541 16 59 25.096-17 06 07.69         20.2 wU~42kjF51
X2446         C2020 07 09.32513 16 59 23.747-17 06 12.89         20.2 wU~42kjF51
X2446         C2020 07 09.33487 16 59 22.404-17 06 18.17         20.2 wU~42kjF51
X2446         C2021 01 05.63849914 12 15.06 -31 07 25.8          16.11oV~4mEeT08
X2446         C2021 01 05.65049514 11 41.11 -31 00 49.4          16.38oV~4mEeT08
X2446         C2021 01 05.65464714 11 29.36 -30 58 32.3          16.36oV~4mEeT08
X2446         C2021 01 05.65925414 11 16.36 -30 55 59.7          16.28oV~4mEeT08
X2446         C2021 01 05.66570814 10 57.99 -30 52 24.2          16.10oV~4mEeT08
X2446         C2021 01 05.66662814 10 55.36 -30 51 52.9          15.99oV~4mEeT08
X2446         C2021 01 07.75699 12 45 43.75 -08 11 26.6          14.7 Vq~4XixQ21
X2446         C2021 01 07.75745 12 45 42.71 -08 11 07.7          14.7 Vq~4XixQ21
X2446         C2021 01 07.75793 12 45 41.72 -08 10 48.5          14.7 Vq~4XixQ21
X2446         C2021 01 07.75840 12 45 40.62 -08 10 30.2          14.8 Vq~4XixQ21
X2446         C2021 01 07.75934 12 45 38.51 -08 09 52.5          14.4 Vq~4XixQ21
X2446         C2021 01 07.75981 12 45 37.43 -08 09 33.1          14.7 Vq~4XixQ21
X2446         C2021 01 07.76029 12 45 36.39 -08 09 14.8          14.7 Vq~4XixQ21
X2446         C2021 01 07.76075 12 45 35.38 -08 08 56.0          14.7 Vq~4XixQ21
X2446         C2021 01 07.76081 12 45 35.38 -08 08 56.0          15.3 Vq~4ejlQ21
X2446         C2021 01 07.76123 12 45 34.30 -08 08 37.2          14.8 Vq~4XixQ21
X2446         C2021 01 07.76170 12 45 33.22 -08 08 17.7          14.8 Vq~4XixQ21
X2446         C2021 01 07.76218 12 45 32.21 -08 08 00.0          14.8 Vq~4XixQ21
X2446         C2021 01 07.76264 12 45 31.17 -08 07 40.5          14.7 Vq~4XixQ21
X2446         C2021 01 07.76264 12 45 31.15 -08 07 41.1          14.7 Vq~4XixQ21
X2446         C2021 01 07.76311 12 45 30.09 -08 07 22.5          14.7 Vq~4XixQ21
X2446         C2021 01 07.76359 12 45 29.14 -08 07 03.9          14.8 Vq~4XixQ21
X2446         C2021 01 07.76359 12 45 29.06 -08 07 03.8          14.8 Vq~4XixQ21
X2446         C2021 01 07.76405 12 45 27.94 -08 06 45.4          14.7 Vq~4XixQ21
X2446         C2021 01 07.76405 12 45 27.98 -08 06 45.0          14.7 Vq~4XixQ21
X2446         C2021 01 07.76411 12 45 27.98 -08 06 44.9          14.0 Vq~4ejlQ21
X2446         C2021 01 07.76453 12 45 26.94 -08 06 26.1          14.7 Vq~4XixQ21
X2446         C2021 01 07.76453 12 45 26.91 -08 06 26.4          14.8 Vq~4XixQ21
X2446         C2021 01 07.76500 12 45 25.87 -08 06 07.3          14.7 Vq~4XixQ21
X2446         C2021 01 07.76546 12 45 24.85 -08 05 49.0          14.8 Vq~4XixQ21
X2446         C2021 01 07.76594 12 45 23.80 -08 05 30.1          14.7 Vq~4XixQ21
X2446         C2021 01 07.76650 12 45 22.59 -08 05 07.0          15.0 Vq~4XixQ21
X2446         C2021 01 07.76698 12 45 21.51 -08 04 48.8          14.9 Vq~4XixQ21
X2446         C2021 01 07.76745 12 45 20.48 -08 04 29.4          15.0 Vq~4XixQ21
X2446         C2021 01 07.76792 12 45 19.38 -08 04 11.1          14.9 Vq~4XixQ21
X2446         C2021 01 07.76839 12 45 18.30 -08 03 53.0          15.0 Vq~4XixQ21
X2446         C2021 01 07.76887 12 45 17.27 -08 03 33.6          14.9 Vq~4XixQ21
X2446         C2021 01 07.76933 12 45 16.25 -08 03 14.9          14.9 Vq~4XixQ21
X2446         C2021 01 07.76980 12 45 15.18 -08 02 55.7          14.9 Vq~4XixQ21
X2446         C2021 01 07.77028 12 45 14.09 -08 02 37.3          15.0 Vq~4XixQ21
X2446         C2021 01 07.77075 12 45 13.03 -08 02 18.0          15.0 Vq~4XixQ21
X2446         C2021 01 07.77122 12 45 12.06 -08 02 00.4          14.9 Vq~4XixQ21
X2446         C2021 01 07.77127 12 45 11.98 -08 02 00.3          15.5 Vq~4ejlQ21
X2446         C2021 01 07.77169 12 45 10.97 -08 01 41.3          15.0 Vq~4XixQ21
X2446         C2021 01 07.77216 12 45 09.91 -08 01 23.4          15.0 Vq~4XixQ21
X2446         C2021 01 07.77264 12 45 08.85 -08 01 03.6          15.0 Vq~4XixQ21
X2446         C2021 01 07.77310 12 45 07.82 -08 00 45.8          15.1 Vq~4XixQ21
X2446         C2021 01 07.77358 12 45 06.68 -08 00 25.4          15.0 Vq~4XixQ21
X2446         C2021 01 07.77405 12 45 05.69 -08 00 07.7          14.9 Vq~4XixQ21
X2446         C2021 01 07.77451 12 45 04.58 -07 59 49.2          14.8 Vq~4XixQ21
X2446         C2021 01 07.77499 12 45 03.67 -07 59 30.5          14.9 Vq~4XixQ21
X2446         C2021 01 07.77546 12 45 02.57 -07 59 10.6          15.0 Vq~4XixQ21
X2446         C2021 01 08.63750412 16 35.31 +01 04 07.3          13.91oV~4Yk7T05
X2446         C2021 01 08.64036712 16 29.71 +01 05 48.0          13.92oV~4Yk7T05
X2446         C2021 01 08.65188312 16 07.20 +01 12 32.0          13.96oV~4Yk7T05
X2446         C2021 01 08.65721312 15 56.80 +01 15 38.7          14.04oV~4Yk7T05
X2446         C2021 01 10.39937911 31 04.07 +15 11 16.6          14.22GV~4Xix703
X2446         C2021 01 10.40461211 30 56.80 +15 13 16.6          14.21GV~4Xix703
X2446         C2021 01 10.40984711 30 49.46 +15 15 16.9          14.16GV~4Xix703
X2446         C2021 01 10.41933011 30 36.26 +15 18 53.4          14.07GV~4Xix703
X2446         C2021 01 12.04510 11 00 10.17 +23 32 10.9          14.5 Vq~4mEe056
X2446         C2021 01 12.04681 11 00 08.43 +23 32 35.7          14.4 Vq~4mEe056
X2446         C2021 01 12.04851 11 00 06.69 +23 33 00.3          14.5 Vq~4mEe056
X2446         C2021 01 12.05021 11 00 04.94 +23 33 25.2          14.4 Vq~4mEe056
X2446         C2021 01 12.05191 11 00 03.20 +23 33 49.6          14.4 Vq~4mEe056
X2446         C2021 01 12.05360 11 00 01.46 +23 34 14.1          14.4 Vq~4mEe056
X2446         C2021 01 12.05530 10 59 59.72 +23 34 38.9          14.5 Vq~4mEe056
X2446         C2021 01 12.05700 10 59 57.98 +23 35 03.5          14.5 Vq~4mEe056
X2446         C2021 01 12.05870 10 59 56.24 +23 35 28.1          14.5 Vq~4mEe056
X2446         C2021 01 12.06041 10 59 54.50 +23 35 52.8          14.4 Vq~4mEe056
X2446         C2021 01 12.06211 10 59 52.75 +23 36 17.6          14.4 Vq~4mEe056
X2446         C2021 01 12.06381 10 59 51.02 +23 36 42.0          14.4 Vq~4mEe056
X2446         C2021 01 12.06550 10 59 49.28 +23 37 06.4          14.4 Vq~4mEe056
X2446         C2021 01 12.06720 10 59 47.55 +23 37 30.8          14.3 Vq~4mEe056
X2446         C2021 01 12.06890 10 59 45.78 +23 37 55.1          14.4 Vq~4mEe056
X2446         C2021 01 12.07400 10 59 40.59 +23 39 08.7          14.3 Vq~4mEe056
X2446         C2021 01 12.07569 10 59 38.85 +23 39 33.1          14.3 Vq~4mEe056
X2446         C2021 01 12.07740 10 59 37.12 +23 39 57.7          14.3 Vq~4mEe056
X2446         C2021 01 12.07910 10 59 35.40 +23 40 21.7          14.4 Vq~4mEe056
X2446         C2021 01 12.08080 10 59 33.67 +23 40 46.1          14.4 Vq~4mEe056
X2446         C2021 01 12.08250 10 59 31.92 +23 41 10.3          14.4 Vq~4mEe056
X2446         C2021 01 12.08419 10 59 30.20 +23 41 34.7          14.4 Vq~4mEe056
X2446         C2021 01 12.08589 10 59 28.47 +23 41 59.1          14.4 Vq~4mEe056
X2446         C2021 01 12.08759 10 59 26.73 +23 42 23.5          14.4 Vq~4mEe056
X2446         C2021 01 12.08929 10 59 25.00 +23 42 47.7          14.4 Vq~4mEe056
X2446         C2021 01 12.09100 10 59 23.27 +23 43 12.0          14.5 Vq~4mEe056
X2446         C2021 01 12.09270 10 59 21.54 +23 43 36.2          14.5 Vq~4mEe056
X2446         C2021 01 12.09439 10 59 19.81 +23 44 00.2          14.4 Vq~4mEe056
X2446         C2021 01 12.09609 10 59 18.08 +23 44 24.5          14.4 Vq~4mEe056
X2446         C2021 01 12.09779 10 59 16.35 +23 44 48.7          14.4 Vq~4mEe056
X2446         C2021 01 12.10289 10 59 11.18 +23 46 00.8          14.4 Vq~4mEe056
X2446         C2021 01 12.10459 10 59 09.45 +23 46 24.1          13.7 Vq~4mEe056
X2446         C2021 01 12.10628 10 59 07.72 +23 46 49.3          14.4 Vq~4mEe056
X2446         C2021 01 12.10799 10 59 06.00 +23 47 13.3          14.4 Vq~4mEe056
X2446         C2021 01 12.10969 10 59 04.25 +23 47 37.2          14.3 Vq~4mEe056
X2446         C2021 01 12.11139 10 59 02.54 +23 48 01.1          14.3 Vq~4mEe056
X2446         C2021 01 12.11309 10 59 00.83 +23 48 25.4          14.3 Vq~4mEe056
X2446         C2021 01 12.11479 10 58 59.10 +23 48 49.2          14.3 Vq~4mEe056
X2446         C2021 01 12.11648 10 58 57.38 +23 49 13.4          14.3 Vq~4mEe056
X2446         C2021 01 12.11818 10 58 55.66 +23 49 37.2          14.4 Vq~4mEe056
X2446         C2021 01 12.11988 10 58 53.93 +23 50 01.2          14.3 Vq~4mEe056
X2446         C2021 01 12.12159 10 58 52.21 +23 50 25.2          14.4 Vq~4mEe056
X2446         C2021 01 12.12329 10 58 50.50 +23 50 49.0          14.4 Vq~4mEe056
X2446         C2021 01 12.12499 10 58 48.77 +23 51 12.6          14.4 Vq~4mEe056
X2446         C2021 01 12.12669 10 58 47.05 +23 51 36.8          14.4 Vq~4mEe056
X2446         C2021 01 12.12838 10 58 45.34 +23 52 00.7          14.4 Vq~4mEe056
X2446         C2021 01 12.13178 10 58 41.92 +23 52 48.4          14.4 Vq~4mEe056
X2446         C2021 01 12.13348 10 58 40.16 +23 53 12.2          14.4 Vq~4mEe056
X2446         C2021 01 12.13519 10 58 38.48 +23 53 35.7          14.4 Vq~4mEe056
X2446         C2021 01 12.13689 10 58 36.74 +23 53 59.1          14.4 Vq~4mEe056
X2446         C2021 01 12.13858 10 58 35.05 +23 54 22.9          14.4 Vq~4mEe056
X2446         C2021 01 12.14028 10 58 33.34 +23 54 47.1          14.4 Vq~4mEe056
X2446         C2021 01 12.14198 10 58 31.63 +23 55 10.8          14.4 Vq~4mEe056
X2446         C2021 01 12.14368 10 58 29.92 +23 55 34.4          14.3 Vq~4mEe056
X2446         C2021 01 12.14538 10 58 28.21 +23 55 58.2          14.4 Vq~4mEe056
X2446         C2021 01 12.14707 10 58 26.51 +23 56 21.9          14.3 Vq~4mEe056
X2446         C2021 01 12.14877 10 58 24.79 +23 56 45.3          14.4 Vq~4mEe056
X2446         C2021 01 12.15047 10 58 23.09 +23 57 09.2          14.4 Vq~4mEe056
X2446         C2021 01 12.15218 10 58 21.38 +23 57 32.9          14.3 Vq~4mEe056
X2446         C2021 01 12.15388 10 58 19.67 +23 57 56.5          14.4 Vq~4mEe056
X2446         C2021 01 12.15558 10 58 17.97 +23 58 20.1          14.5 Vq~4mEe056
X2446         C2021 01 12.15898 10 58 14.58 +23 59 06.9          14.5 Vq~4mEe056
X2446         C2021 01 12.16067 10 58 12.87 +23 59 30.6          14.5 Vq~4mEe056
X2446         C2021 01 12.16237 10 58 11.17 +23 59 54.1          14.5 Vq~4mEe056
X2446         C2021 01 12.16407 10 58 09.47 +24 00 17.7          14.5 Vq~4mEe056
X2446         C2021 01 12.16578 10 58 07.78 +24 00 41.3          14.5 Vq~4mEe056
X2446         C2021 01 12.16748 10 58 06.08 +24 01 04.9          14.5 Vq~4mEe056
X2446         C2021 01 12.16917 10 58 04.39 +24 01 28.1          14.5 Vq~4mEe056
X2446         C2021 01 12.17087 10 58 02.69 +24 01 51.3          14.4 Vq~4mEe056
X2446         C2021 01 12.17257 10 58 01.00 +24 02 14.7          14.5 Vq~4mEe056
X2446         C2021 01 12.17427 10 57 59.31 +24 02 38.3          14.4 Vq~4mEe056
X2446         C2021 01 12.17597 10 57 57.62 +24 03 01.7          14.5 Vq~4mEe056
X2446         C2021 01 12.17767 10 57 55.92 +24 03 25.4          14.5 Vq~4mEe056
X2446         C2021 01 12.17937 10 57 54.24 +24 03 48.3          14.5 Vq~4mEe056
X2446         C2021 01 12.18108 10 57 52.55 +24 04 11.5          14.5 Vq~4mEe056
X2446         C2021 01 12.18278 10 57 50.87 +24 04 35.3          14.4 Vq~4mEe056
X2446         C2021 01 12.18447 10 57 49.19 +24 04 58.0          14.5 Vq~4mEe056
X2446         C2021 01 12.18617 10 57 47.51 +24 05 21.6          14.4 Vq~4mEe056
X2446         C2021 01 12.18787 10 57 45.82 +24 05 44.9          14.4 Vq~4mEe056
X2446        1C2021 01 13.71648 10 37 04.53 +28 56 23.1          14.5 GV~4Xix186
X2446        1C2021 01 13.71833 10 37 03.16 +28 56 41.2          14.5 GV~4Xix186
X2446        1C2021 01 13.79370 10 36 07.18 +29 08 45.1          14.5 GV~4Xix186
X2446         C2021 01 13.89371 10 34 51.21 +29 23 18.9          14.3 Rq~4ejl168
X2446         C2021 01 13.90899 10 34 39.86 +29 25 36.7          14.4 Rq~4ejl168
X2446         C2021 01 13.94301 10 34 14.62 +29 30 39.9          14.4 Rq~4ejl168
X2446        1C2021 01 13.95550 10 34 04.21 +29 33 20.4          14.6 GV~4Xix186
X2446        1C2021 01 13.95622 10 34 03.57 +29 33 27.4          14.6 GV~4Xix186
X2446         C2021 01 13.96246 10 34 00.24 +29 33 31.0          14.4 Rq~4ejl168
X2446         C2021 01 14.35883010 29 38.88 +30 29 46.2          14.62GV~4Xix703
X2446         C2021 01 14.36410810 29 35.11 +30 30 29.1          14.64GV~4Xix703
X2446         C2021 01 14.36938010 29 31.35 +30 31 11.9          14.67GV~4Xiy703
X2446         C2021 01 14.37465310 29 27.59 +30 31 54.6          14.65GV~4Xiy703
X2446        KC2021 01 15.00693310 22 57.99 +31 48 34.6          14.7 GV~4XiyZ80
X2446        KC2021 01 15.00866910 22 56.88 +31 48 46.7          14.7 GV~4XiyZ80
X2446        KC2021 01 15.01040510 22 55.79 +31 48 59.0          14.7 GV~4XiyZ80
X2446         C2021 01 15.55222110 17 44.14 +32 48 35.2          14.99cV~4XiyT08
X2446         C2021 01 15.55700110 17 41.21 +32 49 03.9          15.02cV~4XiyT08
X2446         C2021 01 15.56455910 17 36.59 +32 49 49.1          14.96cV~4XiyT08
X2446         C2021 01 15.57481610 17 30.34 +32 50 49.8          14.95cV~4XiyT08
X2446         C2021 01 16.47062110 10 01.23 +34 12 18.6          15.09cV~4XiyT08
X2446         C2021 01 16.47481910 09 58.98 +34 12 40.1          15.21cV~4XiyT08
X2446         C2021 01 16.48044710 09 55.95 +34 13 08.8          15.12cV~4XiyT08
X2446         C2021 01 16.49200010 09 49.74 +34 14 07.3          15.08cV~4XiyT08
X2446         C2021 01 17.27568810 03 59.36 +35 12 52.0          15.05GV~4Xiy703
X2446         C2021 01 17.28661910 03 54.25 +35 13 40.9          15.07GV~4Xiy703
X2446         C2021 01 17.29204710 03 51.70 +35 14 04.9          15.07GV~4Xiy703
X2446         C2021 01 17.29746910 03 49.14 +35 14 28.9          15.09GV~4Xiy703
X2446         C2021 01 17.43115210 02 45.66 +35 23 52.3          15.11GV~4XiyG96
X2446         C2021 01 17.43631010 02 43.22 +35 24 12.9          15.09GV~4XiyG96
X2446         C2021 01 17.44145410 02 40.79 +35 24 33.4          15.08GV~4XiyG96
X2446         C2021 01 17.44660310 02 38.37 +35 24 53.9          15.11GV~4XiyG96
X2446         C2021 01 17.47304010 02 32.85 +35 27 04.1          15.21cV~4XiyT05
X2446         C2021 01 17.47486810 02 31.98 +35 27 11.8          15.23cV~4XiyT05
X2446         C2021 01 17.49203810 02 23.83 +35 28 22.9          15.27cV~4XiyT05
X2446         C2021 01 17.49478310 02 22.53 +35 28 34.1          15.31cV~4XiyT05
X2446         C2021 01 17.94787 09 59 20.40 +35 56 33.8          15.3 Vq~4mEe056
X2446         C2021 01 18.05825 09 58 34.13 +36 03 28.6          15.3 GV~4Yk7130
X2446         C2021 01 18.05946 09 58 33.61 +36 03 32.9          15.2 GV~4Yk7130
X2446         C2021 01 18.06079 09 58 33.03 +36 03 37.6          15.2 GV~4Yk7130
X2446         C2021 01 18.06185 09 58 32.57 +36 03 41.5          15.2 GV~4Yk7130
X2446         C2021 01 18.85412 09 53 41.57 +36 47 23.9          15.2 Rq~4ejl168
X2446         C2021 01 18.87079 09 53 35.20 +36 48 16.6          15.1 Rq~4ejl168
X2446         C2021 01 18.89163 09 53 27.24 +36 49 22.1          15.2 Rq~4ejl168
X2446        1C2021 01 20.72582 09 43 51.02 +38 08 57.8          15.8 GV~4Yk7C40
X2446        1C2021 01 20.72690 09 43 50.72 +38 09 00.6          15.9 GV~4Yk7C40
X2446        1C2021 01 20.73332 09 43 48.85 +38 09 16.5          15.8 GV~4Yk7C40
X2446        1C2021 01 20.73867 09 43 47.29 +38 09 29.7          15.8 GV~4Yk7C40
X2446        1C2021 01 20.73975 09 43 46.99 +38 09 32.3          15.7 GV~4Yk7C40
X2446        1C2021 01 20.74081 09 43 46.66 +38 09 34.8          15.8 GV~4Yk7C40
X2446        1C2021 01 20.74914 09 43 44.24 +38 09 55.2          15.8 GV~4Yk7C40
X2446        1C2021 01 20.75128 09 43 43.61 +38 10 00.5          15.8 GV~4Yk7C40
X2446        1C2021 01 20.75343 09 43 42.97 +38 10 05.6          15.8 GV~4Yk7C40
X2446        1C2021 01 20.75985 09 43 41.06 +38 10 21.5          15.8 GV~4Yk7C40
X2446        1C2021 01 20.76307 09 43 40.12 +38 10 29.4          15.8 GV~4Yk7C40
X2446        1C2021 01 20.76735 09 43 38.86 +38 10 39.9          15.4 GV~4Yk7C40
X2446        1C2021 01 20.77057 09 43 37.90 +38 10 47.6          15.8 GV~4Yk7C40
X2446        1C2021 01 20.77163 09 43 37.58 +38 10 50.1          15.8 GV~4Yk7C40
X2446        1C2021 01 20.77271 09 43 37.26 +38 10 52.7          15.7 GV~4Yk7C40
X2446        1C2021 01 20.77700 09 43 35.98 +38 11 03.3          15.8 GV~4Yk7C40
X2446        1C2021 01 20.79413 09 43 30.83 +38 11 44.6          15.9 GV~4Yk7C40
X2446        1C2021 01 20.80163 09 43 28.58 +38 12 02.8          16.0 GV~4Yk7C40
X2446        1C2021 01 20.81013 09 43 25.99 +38 12 23.1          15.8 GV~4Yk7C40
X2446        1C2021 01 20.81227 09 43 25.33 +38 12 28.3          15.8 GV~4Yk7C40
X2446        1C2021 01 20.81441 09 43 24.70 +38 12 33.2          16.0 GV~4Yk7C40
X2446        1C2021 01 20.81547 09 43 24.37 +38 12 35.8          16.0 GV~4Yk7C40
X2446        1C2021 01 20.81655 09 43 24.02 +38 12 38.3          15.9 GV~4Yk7C40
X2446        1C2021 01 20.83046 09 43 19.78 +38 13 11.2          15.9 GV~4Yk7C40
X2446        1C2021 01 20.83154 09 43 19.45 +38 13 13.9          16.0 GV~4Yk7C40
X2446        1C2021 01 20.83260 09 43 19.11 +38 13 16.4          15.9 GV~4Yk7C40
X2446        1C2021 01 20.83689 09 43 17.79 +38 13 26.6          15.4 GV~4Yk7C40
X2446        1C2021 01 20.83795 09 43 17.46 +38 13 29.1          15.7 GV~4Yk7C40
X2446        1C2021 01 20.84741 09 43 14.55 +38 13 51.0          15.8 GV~4Yk7C40
X2446        1C2021 01 20.84848 09 43 14.21 +38 13 53.6          15.8 GV~4Yk7C40
X2446        1C2021 01 20.84955 09 43 13.89 +38 13 56.2          15.7 GV~4Yk7C40
X2446        1C2021 01 20.85063 09 43 13.55 +38 13 58.5          15.8 GV~4Yk7C40
X2446        1C2021 01 20.85169 09 43 13.22 +38 14 01.1          15.7 GV~4Yk7C40
X2446        1C2021 01 20.85277 09 43 12.89 +38 14 03.6          15.8 GV~4Yk7C40
X2446        1C2021 01 20.85383 09 43 12.55 +38 14 06.0          15.8 GV~4Yk7C40
X2446        1C2021 01 20.85491 09 43 12.22 +38 14 08.5          15.8 GV~4Yk7C40
X2446        1C2021 01 20.85705 09 43 11.56 +38 14 13.4          15.8 GV~4Yk7C40
X2446        1C2021 01 20.85811 09 43 11.22 +38 14 16.0          15.7 GV~4Yk7C40
X2446        1C2021 01 20.86025 09 43 10.55 +38 14 20.9          15.7 GV~4Yk7C40
X2446        1C2021 01 20.86133 09 43 10.23 +38 14 23.4          15.8 GV~4Yk7C40
X2446        1C2021 01 20.86240 09 43 09.89 +38 14 25.9          15.7 GV~4Yk7C40
X2446        1C2021 01 20.86347 09 43 09.55 +38 14 28.5          15.8 GV~4Yk7C40
X2446        1C2021 01 20.86454 09 43 09.23 +38 14 30.7          15.8 GV~4Yk7C40
X2446        1C2021 01 20.86561 09 43 08.91 +38 14 33.3          15.7 GV~4Yk7C40
X2446        1C2021 01 20.86668 09 43 08.56 +38 14 35.8          15.8 GV~4Yk7C40
X2446        1C2021 01 20.86775 09 43 08.20 +38 14 38.3          15.7 GV~4Yk7C40
X2446        1C2021 01 20.86883 09 43 07.88 +38 14 40.5          15.3 GV~4Yk7C40
X2446        1C2021 01 20.86990 09 43 07.56 +38 14 43.1          15.8 GV~4Yk7C40
X2446        1C2021 01 20.87097 09 43 07.22 +38 14 45.5          15.8 GV~4Yk7C40
X2446        1C2021 01 20.87204 09 43 06.89 +38 14 48.0          15.8 GV~4Yk7C40
X2446        1C2021 01 20.87311 09 43 06.55 +38 14 50.3          15.7 GV~4Yk7C40
X2446        1C2021 01 20.87525 09 43 05.90 +38 14 55.2          15.8 GV~4Yk7C40
X2446         C2021 01 21.75396 09 39 11.46 +38 43 27.6          15.9 Vq~4mEe056
X2446         C2021 01 21.76139 09 39 09.61 +38 43 42.5          15.9 Vq~4mEe056
X2446         C2021 01 21.76881 09 39 07.67 +38 43 58.5          16.0 Vq~4mEe056
X2446         C2021 01 21.77623 09 39 05.70 +38 44 14.1          15.9 Vq~4mEe056
X2446         C2021 01 21.78365 09 39 03.88 +38 44 29.0          16.0 Vq~4mEe056
X2446         C2021 01 21.79106 09 39 01.89 +38 44 44.1          16.0 Vq~4mEe056
X2446         C2021 01 21.79848 09 38 59.86 +38 44 59.7          15.9 Vq~4mEe056
X2446         C2021 01 21.80590 09 38 58.00 +38 45 14.3          16.0 Vq~4mEe056
X2446         C2021 01 21.83818 09 38 49.35 +38 46 20.3          15.9 Vq~4mEe056
X2446         C2021 01 21.84560 09 38 47.27 +38 46 35.7          15.9 Vq~4mEe056
X2446         C2021 01 21.85303 09 38 45.27 +38 46 50.4          16.0 Vq~4mEe056
X2446         C2021 01 21.89013 09 38 35.08 +38 48 04.1          16.0 Vq~4mEe056
X2446         C2021 01 21.91981 09 38 26.86 +38 49 01.2          16.0 Vq~4mEe056
X2446         C2021 01 21.92723 09 38 24.81 +38 49 15.3          16.1 Vq~4mEe056
X2446         C2021 01 21.93466 09 38 22.61 +38 49 29.5          16.0 Vq~4mEe056
X2446         C2021 01 21.94208 09 38 20.54 +38 49 44.0          15.9 Vq~4mEe056
X2446        1C2021 01 22.85613 09 34 40.91 +39 14 56.3          16.3 GV~4Yk7C40
X2446        1C2021 01 22.85828 09 34 40.36 +39 14 59.9          16.3 GV~4Yk7C40
X2446         C2021 01 22.85977 09 34 38.06 +39 14 50.4          15.8 Rq~4ejl168
X2446        1C2021 01 22.86138 09 34 39.56 +39 15 04.9          16.4 GV~4Yk7C40
X2446        1C2021 01 22.86455 09 34 38.75 +39 15 10.3          16.6 GV~4Yk7C40
X2446        1C2021 01 22.86560 09 34 38.47 +39 15 11.9          16.5 GV~4Yk7C40
X2446        1C2021 01 22.86666 09 34 38.20 +39 15 13.8          16.3 GV~4Yk7C40
X2446        1C2021 01 22.87509 09 34 36.03 +39 15 27.3          16.4 GV~4Yk7C40
X2446        1C2021 01 22.87615 09 34 35.74 +39 15 29.1          16.3 GV~4Yk7C40
X2446        1C2021 01 22.87720 09 34 35.47 +39 15 30.8          16.5 GV~4Yk7C40
X2446         C2021 01 22.87852 09 34 33.28 +39 15 19.4          15.7 Rq~4ejl168
X2446        1C2021 01 22.88353 09 34 33.84 +39 15 41.1          16.3 GV~4Yk7C40
X2446        1C2021 01 22.88669 09 34 33.01 +39 15 46.1          16.3 GV~4Yk7C40
X2446        1C2021 01 22.88880 09 34 32.47 +39 15 49.6          16.5 GV~4Yk7C40
X2446        1C2021 01 22.89091 09 34 31.93 +39 15 53.0          16.3 GV~4Yk7C40
X2446         C2021 01 22.89935 09 34 27.97 +39 15 51.1          15.6 Rq~4ejl168
X2446        1C2021 01 22.91762 09 34 24.96 +39 16 35.1          16.5 GV~4Yk7C40
X2446         C2021 01 22.91810 09 34 23.21 +39 16 19.3          15.7 Rq~4ejl168
X2446        1C2021 01 22.91868 09 34 24.68 +39 16 37.0          16.2 GV~4Yk7C40
X2446        1C2021 01 22.92510 09 34 23.00 +39 16 46.9          16.4 GV~4Yk8C40
X2446        1C2021 01 22.92725 09 34 22.44 +39 16 50.2          16.3 GV~4Yk8C40
X2446        1C2021 01 22.92832 09 34 22.15 +39 16 51.9          16.3 GV~4Yk8C40
X2446        1C2021 01 22.93153 09 34 21.33 +39 16 56.7          16.1 GV~4Yk8C40
X2446        1C2021 01 22.93260 09 34 21.05 +39 16 58.4          16.6 GV~4Yk8C40
X2446        1C2021 01 22.93367 09 34 20.75 +39 17 00.2          16.4 GV~4Yk8C40
X2446        1C2021 01 22.93475 09 34 20.49 +39 17 01.8          16.5 GV~4Yk8C40
X2446         C2021 01 22.93477 09 34 19.00 +39 16 43.7          15.8 Rq~4ejl168
X2446        1C2021 01 22.93581 09 34 20.19 +39 17 03.4          16.5 GV~4Yk8C40
X2446        1C2021 01 22.93689 09 34 19.93 +39 17 05.1          16.5 GV~4Yk8C40
X2446        1C2021 01 22.94545 09 34 17.70 +39 17 18.0          16.5 GV~4Yk8C40
X2446        KC2021 01 23.25494709 33 09.61 +39 24 54.4          15.9 GV~4Yk8V93
X2446        KC2021 01 23.28532109 33 01.88 +39 25 39.5          15.9 GV~4Yk8V93
X2446        KC2021 01 23.31623109 32 54.00 +39 26 23.7          16.0 GV~4Yk8V93
X2446         C2021 01 23.40667 09 32 37.566+39 28 50.94         15.8 iU~4Yk8F51
X2446         C2021 01 23.41585 09 32 35.222+39 29 04.97         15.7 iU~4Yk8F52
X2446         C2021 01 23.41968 09 32 34.237+39 29 10.81         15.8 iU~4Yk8F51
X2446         C2021 01 23.42687 09 32 32.396+39 29 21.62         15.7 iU~4Yk8F52
X2446         C2021 01 23.43820 09 32 29.481+39 29 38.48         15.7 iU~4Yk8F52
X2446         C2021 01 23.44571 09 32 27.559+39 29 49.47         15.8 iU~4Yk8F51
X2446         C2021 01 23.44991 09 32 26.463+39 29 55.70         15.7 iU~4Yk8F52
X2446        KC2021 01 23.86167809 31 00.66 +39 38 02.5          16.1 GV~4Yk8Z80
X2446        KC2021 01 23.86399309 31 00.15 +39 38 05.8          16.0 GV~4Yk8Z80
X2446        KC2021 01 23.86630909 30 59.63 +39 38 09.1          16.0 GV~4Yk8Z80
X2446        KC2021 01 24.10830 09 30 10.33 +39 43 32.8          15.8 GV~4Yk8W34
X2446        KC2021 01 24.11659 09 30 08.45 +39 43 44.9          15.9 GV~4Yk8W34
X2446        KC2021 01 24.12544 09 30 06.48 +39 43 57.6          16.0 GV~4Yk8W34
X2446        KC2021 01 24.12786609 30 05.95 +39 44 01.3          15.8 GV~4Yk8W33
X2446        KC2021 01 24.13496809 30 04.33 +39 44 11.6          15.9 GV~4Yk8W33
X2446        KC2021 01 24.14207009 30 02.75 +39 44 21.5          15.9 GV~4Yk8W33
X2446         C2021 01 24.43662809 29 00.83 +39 50 44.9          15.83oV~4Yk8T08
X2446         C2021 01 24.44031109 28 59.98 +39 50 49.5          15.86oV~4Yk8T08
X2446         C2021 01 24.45103109 28 57.42 +39 51 02.7          15.87oV~4Yk8T08
X2446        KC2021 01 25.89489609 24 29.31 +40 14 49.5          16.2 GV~4Yk8Z80
X2446        KC2021 01 25.89836809 24 28.65 +40 14 53.2          16.2 GV~4Yk8Z80
X2446        KC2021 01 25.90184309 24 27.99 +40 14 56.8          16.3 GV~4Yk8Z80
X2446         C2021 01 28.04564 09 18 40.52 +40 41 48.5          16.2 gq~4ejlZ06
X2446         C2021 01 28.04749 09 18 40.17 +40 41 49.7          16.2 gq~4ejlZ06
X2446         C2021 01 28.05347 09 18 39.16 +40 41 53.2          16.2 gq~4ejlZ06
X2446         C2021 01 28.05531 09 18 38.83 +40 41 54.1          16.1 gq~4ejlZ06
X2446         C2021 01 28.06132 09 18 37.80 +40 41 57.7          16.2 gq~4ejlZ06
X2446         C2021 01 28.06316 09 18 37.48 +40 41 58.7          16.2 gq~4ejlZ06
X2446         C2021 01 28.08451 09 18 33.78 +40 42 10.6          16.3 gq~4ejlZ06
X2446         C2021 01 28.08635 09 18 33.45 +40 42 11.5          16.1 gq~4ejlZ06
X2446         C2021 01 28.09222 09 18 32.41 +40 42 14.8          16.2 gq~4ejlZ06
X2446         C2021 01 28.09407 09 18 32.11 +40 42 15.6          16.2 gq~4ejlZ06
X2446         C2021 01 31.48354809 11 17.02 +41 05 48.4          16.71oV~4ejlT08
X2446         C2021 01 31.48780509 11 16.41 +41 05 49.2          16.68oV~4ejlT08
X2446         C2021 01 31.49674109 11 15.16 +41 05 51.1          16.83oV~4ejlT08
X2446         C2021 01 31.51140809 11 13.14 +41 05 53.8          16.71oV~4ejlT08
X2446         C2021 01 31.53632609 11 09.769+41 05 56.99         16.86iU~4ejlF51
X2446         C2021 01 31.53843409 11 09.481+41 05 57.31         16.89iU~4ejlF51
X2446         C2021 01 31.55081409 11 07.806+41 05 58.97         16.87iU~4ejlF51
X2446         C2021 01 31.55292909 11 07.524+41 05 59.25         16.95iU~4ejlF51
X2446         C2021 01 31.56683109 11 05.666+41 06 00.90         16.86iU~4ejlF51
X2446         C2021 01 31.57862709 11 04.109+41 06 02.14         16.84iU~4ejlF51
X2446         C2021 02 01.35508409 09 42.35 +41 08 48.1          16.86GV~4ejl703
X2446         C2021 02 01.36050609 09 41.64 +41 08 49.0          16.99GV~4ejl703
X2446         C2021 02 01.36590009 09 40.94 +41 08 49.7          16.92GV~4ejl703
X2446         C2021 02 01.37127909 09 40.23 +41 08 50.6          16.92GV~4ejl703
X2446         C2021 02 01.43484 09 09 35.131+41 09 13.42         16.7 iU~4ejlF51
X2446         C2021 02 01.44918 09 09 33.243+41 09 16.15         16.7 iU~4ejlF51
X2446         C2021 02 01.46377 09 09 31.329+41 09 18.61         16.7 iU~4ejlF51
X2446         C2021 02 01.47813 09 09 29.449+41 09 20.79         16.7 iU~4ejlF51
X2446         C2021 02 03.22329 09 06 36.66 +41 12 10.5          17.5 gq~4ejlZ06
X2446         C2021 02 03.22391009 06 42.09 +41 12 26.9          17.71gU~4ejlI41
X2446         C2021 02 03.22515 09 06 36.51 +41 12 10.3          17.5 gq~4ejlZ06
X2446         C2021 02 03.24420909 06 39.88 +41 12 30.0          17.08rU~4ejlI41
X2446         C2021 02 03.25856009 06 38.29 +41 12 32.0          17.64gU~4ejlI41
X2446         C2021 02 03.30265009 06 33.35 +41 12 36.8          16.91iU~4ejlI41
X2446         C2021 02 05.42947609 03 35.09 +41 12 29.2          17.50cV~4ejlT08
X2446         C2021 02 05.43326309 03 34.72 +41 12 28.8          17.43cV~4ejlT08
X2446         C2021 02 05.43925309 03 34.11 +41 12 28.4          17.49cV~4ejlT08
X2446         C2021 02 05.44947609 03 33.12 +41 12 27.4          17.63cV~4ejlT08
X2446         C2021 02 07.42114309 01 14.23 +41 08 36.6          17.75cV~4ejlT05
X2446         C2021 02 07.42849909 01 13.59 +41 08 35.3          17.78cV~4ejlT05
X2446         C2021 02 07.43263109 01 13.24 +41 08 34.8          17.70cV~4ejlT05
X2446         C2021 02 07.44502809 01 12.15 +41 08 32.8          17.79cV~4ejlT05
X2446         C2021 02 08.29177909 00 19.68 +41 05 50.9          17.76GV~4ejl703
X2446         C2021 02 08.29347009 00 19.57 +41 05 50.9          17.77GV~4ejl703
X2446         C2021 02 08.29755809 00 19.26 +41 05 49.7          17.68GV~4ejl703
X2446         C2021 02 08.29918909 00 19.13 +41 05 49.3          17.77GV~4ejl703
X2446         C2021 02 08.30330309 00 18.79 +41 05 48.6          17.76GV~4ejl703
X2446         C2021 02 08.30505409 00 18.66 +41 05 48.2          17.61GV~4ejl703
X2446         C2021 02 08.30916609 00 18.34 +41 05 47.4          17.66GV~4ejl703
X2446         C2021 02 08.31104709 00 18.22 +41 05 46.8          17.75GV~4ejl703
X2446         C2021 02 09.42378008 59 14.74 +41 01 47.9          17.93cV~4ejlT08
X2446         C2021 02 09.42701508 59 14.51 +41 01 47.0          18.02cV~4ejlT08
X2446         C2021 02 09.43394208 59 14.00 +41 01 45.4          18.00cV~4ejlT08
X2446         C2021 02 09.44599308 59 13.11 +41 01 42.0          17.93cV~4ejlT08
X2446         C2021 02 10.71624 08 58 10.02 +40 55 35.5          17.2 Rq~4ejl168
X2446         C2021 02 10.76085 08 58 07.47 +40 55 23.7          17.5 Rq~4ejl168
X2446         C2021 02 10.80738 08 58 04.78 +40 55 10.7          17.5 Rq~4ejl168
X2446         C2021 02 11.35130308 57 40.80 +40 52 46.9          18.15cV~4ejlT05
X2446         C2021 02 11.35453908 57 40.64 +40 52 46.6          18.06cV~4ejlT05
X2446         C2021 02 11.38648208 57 38.61 +40 52 37.4          18.18cV~4ejlT05
X2446         C2021 02 11.39214508 57 38.25 +40 52 36.0          18.14cV~4ejlT05
X2446         C2021 02 13.43220808 56 16.589+40 40 51.42         18.36wU~4ejlF52
X2446         C2021 02 13.43233508 56 16.55 +40 40 51.9          18.36cV~4ejlT08
X2446         C2021 02 13.43557508 56 16.38 +40 40 50.6          18.23cV~4ejlT08
X2446         C2021 02 13.44157308 56 16.04 +40 40 48.1          18.23cV~4ejlT08
X2446         C2021 02 13.44378408 56 15.981+40 40 46.78         18.32wU~4ejlF52
X2446         C2021 02 13.45171708 56 15.54 +40 40 44.1          18.47cV~4ejlT08
X2446         C2021 02 13.45535508 56 15.398+40 40 42.01         18.23wU~4ejlF52
X2446         C2021 02 15.79419 08 55 06.64 +40 24 31.2          17.7 Vq~4hXO168
X2446         C2021 02 15.81502 08 55 05.93 +40 24 22.4          17.4 Vq~4hXO168
X2446         C2021 02 15.98201 08 55 01.87 +40 23 18.8          18.0 r ~4hXOZ06
X2446         C2021 02 15.98387 08 55 01.81 +40 23 18.1          18.0 r ~4hXOZ06
X2446         C2021 02 15.99176 08 55 01.56 +40 23 14.8          18.0 r ~4hXOZ06
X2446         C2021 02 15.99363 08 55 01.48 +40 23 13.6          18.0 r ~4hXOZ06
X2446         C2021 02 15.99617 08 55 01.38 +40 23 12.5          18.0 r ~4hXOZ06
X2446         C2021 02 16.29831108 54 54.26 +40 21 01.9          18.21GV~4ejl703
X2446         C2021 02 16.30377208 54 54.15 +40 20 58.3          18.62GV~4ejl703
X2446         C2021 02 16.33584608 54 52.88 +40 20 42.8          18.59GV~4ejl703
X2446         C2021 02 16.34129008 54 52.71 +40 20 40.3          18.60GV~4ejl703
X2446         C2021 02 17.74419 08 54 26.39 +40 09 37.6                q~4hXO168
X2446         C2021 02 17.75352 08 54 26.17 +40 09 33.6                q~4hXO168
X2446         C2021 02 17.76393 08 54 25.90 +40 09 28.4          18.5 Rq~4hXO168
X2446         C2021 02 17.77335 08 54 25.63 +40 09 24.5          18.1 Vq~4hXO168
X2446         C2021 02 17.78268 08 54 25.41 +40 09 19.6          18.9 Rq~4hXO168
X2446         C2021 02 20.22848308 53 55.68 +39 49 01.4                V~4ejl703
X2446         C2021 02 20.23385408 53 55.52 +39 48 57.4          19.02GV~4ejl703
X2446         C2021 02 20.23921608 53 55.40 +39 48 54.3          18.67GV~4ejl703
X2446         C2021 02 20.24459608 53 55.31 +39 48 51.8          18.73GV~4ejl703
X2446        KC2021 02 21.97653108 53 46.14 +39 33 10.2          18.6 RV~4ejl160
X2446        KC2021 02 21.97916408 53 46.11 +39 33 09.2          18.8 RV~4ejl160
X2446        KC2021 02 21.98179108 53 46.08 +39 33 07.5          18.7 RV~4ejl160
X2446         C2021 02 22.36933 08 53 46.434+39 29 43.04         18.4 iU~4ejlF52
X2446         C2021 02 22.38237 08 53 46.255+39 29 35.73         18.5 iU~4ejlF52
X2446         C2021 02 22.39820208 53 46.02 +39 29 27.4          18.61oV~4ejlT05
X2446         C2021 02 22.40257008 53 46.00 +39 29 24.4          18.58oV~4ejlT05
X2446         C2021 02 22.40814408 53 45.92 +39 29 21.0          18.80oV~4ejlT05
X2446         C2021 02 22.40863 08 53 45.898+39 29 20.83         18.4 iU~4ejlF52
X2446         C2021 02 22.44311908 53 45.40 +39 29 00.3          18.78oV~4ejlT05
X2446         C2021 03 02.22059208 55 13.57 +38 10 05.3          19.77GV~4ejl703
X2446         C2021 03 02.22631808 55 13.52 +38 10 01.8          19.50GV~4ejl703
X2446         C2021 03 02.23237908 55 13.54 +38 09 57.7          19.21GV~4ejl703
X2446         C2021 03 02.23817608 55 13.59 +38 09 53.4          19.40GV~4ejl703
X2446        KC2021 03 05.20810908 56 28.16 +37 37 12.0          19.6 GV~4ejlW33
X2446        KC2021 03 05.23759408 56 28.79 +37 36 51.4          19.7 GV~4ejlW33
X2446        KC2021 03 05.26617908 56 29.41 +37 36 30.9          19.3 GV~4ejlW33
X2446         C2021 03 05.28516308 56 30.38 +37 36 21.2          19.65GV~4ejlG96
X2446         C2021 03 05.29030208 56 30.49 +37 36 17.5          19.56GV~4ejlG96
X2446         C2021 03 05.29544408 56 30.60 +37 36 14.0          19.46GV~4ejlG96
X2446         C2021 03 05.30058108 56 30.68 +37 36 10.3          19.29GV~4ejlG96
X2446         C2021 03 06.18451408 56 58.11 +37 26 13.1          19.84GV~4ejl703
X2446         C2021 03 06.18994008 56 58.20 +37 26 10.4          19.87GV~4ejl703
X2446         C2021 03 06.19538208 56 58.31 +37 26 06.4          19.62GV~4ejl703
X2446         C2021 03 06.20092608 56 58.46 +37 26 03.3          19.56GV~4ejl703
X2446         C2021 04 01.22724509 20 10.69 +32 07 43.8          21.48GV~4mEeG96
X2446         C2021 04 01.23240609 20 11.00 +32 07 39.6          21.38GV~4mEeG96
X2446         C2021 04 01.23756909 20 11.33 +32 07 36.2          21.18GV~4mEeG96
X2446         C2021 04 01.24273409 20 11.66 +32 07 31.8          21.51GV~4mEeG96
X2446         C2021 04 02.34096609 21 29.729+31 53 32.43         20.90wU~4mEeF52
X2446         C2021 04 02.35188709 21 30.447+31 53 23.88         20.97wU~4mEeF52
X2446         C2021 04 02.36279109 21 31.163+31 53 15.45         20.97wU~4mEeF52
X2446         C2021 04 02.37372109 21 31.885+31 53 06.69         20.99wU~4mEeF52
