N1937K01F32O* C2001 03 23.18068 09 09 08.37 -10 05 12.3          15.6  cc8283704
N1937K01F32O  C2001 03 23.19310 09 08 57.23 -10 03 11.4          15.2  cc8283704
N1937K01F32O  C2001 03 23.20530 09 08 46.31 -10 01 12.9          15.6  cc8283704
N1937K01F32O  C2001 03 23.21748 09 08 35.38 -09 59 13.7          15.4  cc8283704
N1937K01F32O  C2001 03 23.22970 09 08 24.41 -09 57 14.4          16.0  cc8283704
N1937K01F32O  C2001 03 23.95296 08 57 30.33 -07 54 58.8          15.5 R c8283952
N1937K01F32O  C2001 03 23.95358 08 57 29.76 -07 54 52.2          15.5 R c8283952
N1937K01F32O  C2001 03 23.95477 08 57 28.67 -07 54 39.5                 c8283952
N1937K01F32O  C2001 03 23.95535 08 57 28.08 -07 54 33.6                 c8283952
N1937K01F32O  C2001 03 23.98806 08 56 57.36 -07 48 48.0          14.7 R c8283946
N1937K01F32O  C2001 03 23.98884 08 56 56.71 -07 48 41.0                 c8283946
N1937K01F32O  C2001 03 23.98973 08 56 55.90 -07 48 30.5                 c8283946
N1937K01F32O  C2001 03 24.15452 08 54 24.19 -07 19 13.4          15.4   c8283854
N1937K01F32O  C2001 03 24.15534 08 54 23.45 -07 19 04.0          15.5   c8283854
N1937K01F32O  C2001 03 24.15618 08 54 22.62 -07 18 56.2          15.4   c8283854
N1937K01F32O  C2001 03 24.56585 08 47 51.01 -06 03 27.1          16.0 R c8283428
N1937K01F32O  C2001 03 24.56682 08 47 50.05 -06 03 16.6          16.2 R c8283428
N1937K01F32O  C2001 03 24.56787 08 47 49.04 -06 03 04.8          16.1 R c8283428
N1937K01F32O  C2001 03 24.56888 08 47 48.06 -06 02 53.3          16.1 R c8283428
N1937K01F32O  C2001 03 24.56981 08 47 47.22 -06 02 43.4          16.0 R c8283428
N1937K01F32O  C2001 03 24.83425 08 43 33.13 -05 13 58.1          15.6 R c8283946
N1937K01F32O  C2001 03 24.83650 08 43 30.89 -05 13 32.6          16.0 R c8283946
N1937K01F32O  C2001 03 24.83759 08 43 29.79 -05 13 20.2                 c8283946
N1937K01F32O  C2001 03 24.83906 08 43 28.32 -05 13 03.3                 c8283946
N1937K01F32O  C2001 03 24.84352 08 43 23.39 -05 12 12.8          16.1 R c8283157
N1937K01F32O  C2001 03 24.84873 08 43 18.25 -05 11 14.6          16.2 R c8283157
N1937K01F32O  C2001 03 24.85220 08 43 14.88 -05 10 35.4          16.1 R c8283157
N1937K01F32O  C2001 03 24.85440 08 43 12.63 -05 10 09.3          15.7 R c8283157
N1937K01F32O  C2001 03 24.88957 08 42 38.02 -05 03 26.3          15.9 V c8283165
N1937K01F32O  C2001 03 24.89210 08 42 35.52 -05 02 57.5                 c8283165
N1937K01F32O  C2001 03 24.89372 08 42 33.91 -05 02 38.8          16.1 V c8283165
N1937K01F32O  C2001 03 24.89653 08 42 31.11 -05 02 06.7                 c8283165
N1937K01F32O  C2001 03 24.90083 08 42 26.83 -05 01 17.0          16.0 V c8283165
N1937K01F32O  C2001 03 25.04080 08 40 08.37 -04 33 35.7          15.9 V c8283859
N1937K01F32O  C2001 03 25.04213 08 40 07.07 -04 33 20.6          15.8 V c8283859
N1937K01F32O  C2001 03 25.04575 08 40 03.37 -04 32 38.3          16.1 V c8283859
N1937K01F32O  C2001 03 25.04846 08 40 00.62 -04 32 07.4          15.9 V c8283859
N1937K01F32O  C2001 03 25.04979 08 39 59.21 -04 31 52.0          15.7 V c8283859
N1937K01F32O  C2001 03 26.11463 08 21 55.81 -00 58 59.5          16.0 V c8283726
N1937K01F32O  C2001 03 26.11637 08 21 54.00 -00 58 37.9          16.1 V c8283726
N1937K01F32O  C2001 03 26.11810 08 21 52.11 -00 58 16.4          16.0 V c8283726
N1937K01F32O  C2001 03 26.11984 08 21 50.33 -00 57 54.8          16.0 V c8284726
N1937K01F32O  C2001 03 26.12157 08 21 48.50 -00 57 33.4          16.1 V c8284726
N1937K01F32O  C2001 03 26.12331 08 21 46.64 -00 57 11.5          15.9 V c8284726
N1937K01F32O  C2001 03 26.14290 08 21 26.96 -00 52 58.2                 c8284670
N1937K01F32O  C2001 03 26.15494 08 21 14.11 -00 50 28.2                 c8284670
N1937K01F32O  C2001 03 26.26306 08 19 18.64 -00 27 53.8                 c8284670
N1937K01F32O  C2001 03 26.47659 08 15 32.89 +00 17 55.2          16.3 R c8284428
N1937K01F32O  C2001 03 26.47855 08 15 30.84 +00 18 19.1          16.4 R c8284428
N1937K01F32O  C2001 03 26.47948 08 15 29.81 +00 18 31.1          16.5 R c8284428
N1937K01F32O  C2001 03 26.48104 08 15 28.15 +00 18 50.9          16.6 R c8284428
N1937K01F32O  C2001 03 26.48819 08 15 21.41 +00 19 28.9                 c8284360
N1937K01F32O  C2001 03 26.48918 08 15 20.36 +00 19 41.4                 c8284360
N1937K01F32O  C2001 03 26.49008 08 15 19.37 +00 19 53.0                 c8284360
N1937K01F32O  C2001 03 26.93542 08 07 19.99 +01 54 59.1          15.2 R c8284938
N1937K01F32O  C2001 03 26.93903 08 07 16.04 +01 55 45.0          15.1 R c8284938
N1937K01F32O  C2001 03 26.93927 08 07 15.79 +01 55 48.9          15.3 R c8284938
N1937K01F32O  C2001 03 26.94005 08 07 14.93 +01 55 58.3          15.0 R c8284938
N1937K01F32O  C2001 03 26.94030 08 07 14.59 +01 56 02.0          15.4 R c8284938
N1937K01F32O  C2001 03 26.94351 08 07 11.18 +01 56 43.0          15.1 R c8284938
N1937K01F32O  C2001 03 26.94400 08 07 10.65 +01 56 49.2          14.9 R c8284938
N1937K01F32O  C2001 03 26.94458 08 07 09.96 +01 56 56.4          15.2 R c8284938
N1937K01F32O  C2001 03 26.94507 08 07 09.43 +01 57 04.6          15.1 R c8284938
N1937K01F32O  C2001 03 27.16036 08 03 16.43 +02 43 42.2                 c8284670
N1937K01F32O  C2001 03 27.19339 08 02 39.71 +02 50 53.7                 c8284670
N1937K01F32O  C2001 03 27.24028 08 01 47.52 +03 01 05.3                 c8284670
N1937K01F32O  C2001 03 27.45845 07 57 47.74 +03 49 35.6          15.9 R c8284428
N1937K01F32O  C2001 03 27.45938 07 57 46.72 +03 49 47.9          15.8 R c8284428
N1937K01F32O  C2001 03 27.46030 07 57 45.66 +03 49 59.9          15.8 R c8284428
N1937K01F32O  C2001 03 27.46123 07 57 44.60 +03 50 12.2          15.7 R c8284428
N1937K01F32O  C2001 03 27.46225 07 57 43.43 +03 50 25.9          15.9 R c8284428
N1937K01F32O  C2001 03 27.78171 07 51 50.11 +04 59 27.0          15.6 V c8284611
N1937K01F32O  C2001 03 27.78280 07 51 48.89 +04 59 41.4                 c8284611
N1937K01F32O  C2001 03 27.78361 07 51 48.03 +04 59 51.4                 c8284611
N1937K01F32O  C2001 03 27.85914 07 50 22.45 +05 16 32.0          15.0 R c8284587
N1937K01F32O  C2001 03 27.88145 07 49 57.22 +05 21 26.4          15.0 R c8284587
N1937K01F32O  C2001 03 28.43469 07 39 33.98 +07 24 30.5          15.4 R c8284428
N1937K01F32O  C2001 03 28.43674 07 39 31.62 +07 24 57.1          15.3 R c8284428
N1937K01F32O  C2001 03 28.43764 07 39 30.57 +07 25 09.1          15.4 R c8284428
N1937K01F32O  C2001 03 28.43866 07 39 29.43 +07 25 22.9          15.4 R c8284428
N1937K01F32O  C2001 03 29.83817 07 12 44.41 +12 28 56.7          16.7 R c8284938
N1937K01F32O  C2001 03 29.83973 07 12 42.66 +12 29 18.0          16.2 R c8284938
N1937K01F32O  C2001 03 29.84058 07 12 42.24 +12 29 22.5          16.4 R c8284938
N1937K01F32O  C2001 03 29.84153 07 12 40.78 +12 29 38.3          16.8 R c8284938
N1937K01F32O  C2001 03 29.84351 07 12 38.12 +12 30 03.5          16.3 R c8284938
N1937K01F32O  C2001 03 29.84395 07 12 37.99 +12 30 08.8          16.7 R c8284938
N1937K01F32O  C2001 03 29.84443 07 12 37.41 +12 30 15.3          16.7 R c8284938
N1937K01F32O  C2001 03 29.84758 07 12 33.70 +12 30 54.4          16.6 R c8284938
N1937K01F32O  C2001 03 29.84795 07 12 33.33 +12 31 00.2          16.4 R c8284938
N1937K01F32O  C2001 03 29.84834 07 12 32.80 +12 31 04.9          16.7 R c8284938
N1937K01F32O  C2001 03 29.86830 07 12 09.36 +12 35 20.6          16.4 R c8284938
N1937K01F32O  C2001 03 29.86877 07 12 08.91 +12 35 25.5          16.4 R c8284938
N1937K01F32O  C2001 03 29.86934 07 12 08.28 +12 35 32.3          16.5 R c8284938
N1937K01F32O  C2001 03 29.88830 07 11 45.99 +12 39 34.1          16.2 R c8284938
N1937K01F32O  C2001 03 29.88888 07 11 45.33 +12 39 40.3          16.2 R c8284938
N1937K01F32O  C2001 03 29.88936 07 11 44.98 +12 39 45.0          16.8 R c8284938
N1937K01F32O  C2001 03 29.89371 07 11 39.70 +12 40 41.2          16.2 R c8284938
N1937K01F32O  C2001 03 29.89419 07 11 39.08 +12 40 48.6          16.4 R c8284938
N1937K01F32O  C2001 03 29.89469 07 11 38.39 +12 40 54.9          16.6 R c8284938
N1937K01F32O  C2001 03 29.90161 07 11 30.47 +12 42 23.6          16.2 R c8284938
N1937K01F32O  C2001 03 29.90210 07 11 29.97 +12 42 29.7          16.5 R c8284938
N1937K01F32O  C2001 03 29.90257 07 11 29.10 +12 42 35.8          16.3 R c8284938
N1937K01F32O  C2001 03 30.17978 07 06 09.31 +13 41 03.1                 c8284670
N1937K01F32O  C2001 03 30.19163 07 05 55.44 +13 43 31.1                 c8284670
N1937K01F32O  C2001 03 30.26185 07 04 33.35 +13 58 06.4                 c8284670
N1937K01F32O  C2001 03 30.84615 06 53 20.14 +15 57 21.0          16.2 V c8284611
N1937K01F32O  C2001 03 30.84799 06 53 17.99 +15 57 43.5                 c8284611
N1937K01F32O  C2001 03 31.90689 06 33 06.18 +19 20 49.9          16.1 R c8284540
N1937K01F32O  C2001 03 31.90804 06 33 04.77 +19 21 03.1                 c8284540
N1937K01F32O  C2001 03 31.90920 06 33 03.47 +19 21 15.9                 c8284540
N1937K01F32O  C2001 03 31.91528 06 32 56.60 +19 22 21.4                 c8284540
N1937K01F32O  C2001 04 01.80118 06 16 25.03 +21 56 58.5          16.9 V c8284611
N1937K01F32O  C2001 04 01.80251 06 16 23.63 +21 57 11.7                 c8284611
N1937K01F32O  C2001 04 01.80328 06 16 22.71 +21 57 20.2                 c8284611
N1937K01F32O  C2001 04 02.78090 05 58 39.57 +24 30 05.7          16.6 R c8284540
N1937K01F32O  C2001 04 02.78244 05 58 37.73 +24 30 18.6                 c8284540
N1937K01F32O  C2001 04 02.78644 05 58 33.38 +24 30 54.4                 c8284540
N1937K01F32O  C2001 04 03.81142 05 40 44.20 +26 50 35.8                 c8284118
N1937K01F32O  C2001 04 03.81412 05 40 41.41 +26 50 55.7                 c8284118
N1937K01F32O  C2001 04 03.81509 05 40 40.43 +26 51 02.3                 c8284118
N1937K01F32O  C2001 04 04.80243 05 24 21.42 +28 46 40.2          17.2 R c8284540
N1937K01F32O  C2001 04 04.80428 05 24 19.74 +28 46 52.2                 c8284540
N1937K01F32O  C2001 04 04.80590 05 24 18.04 +28 47 02.6                 c8284540
N1937K01F32O  C2001 04 04.80833 05 24 15.70 +28 47 19.0                 c8284540
N1937K01F32O  C2001 04 04.80984 05 24 14.24 +28 47 28.9                 c8284540
N1937K01F32O  C2001 04 04.81128 05 24 12.92 +28 47 37.3                 c8284540
N1937K01F32O 1C2001 04 05.37447 05 15 18.65 +29 46 34.3                 c9566413
N1937K01F32O 1C2001 04 05.37562 05 15 17.57 +29 46 41.1                 c9566413
N1937K01F32O 1C2001 04 05.37672 05 15 16.53 +29 46 47.8                 c9566413
N1937K01F32O 1C2003 03 14.48867 08 52 59.55 -16 21 00.1                eh5853413
N1937K01F32O 1C2003 03 14.49487 08 52 58.93 -16 20 51.7                eh5853413
N1937K01F32O  C2003 03 24.12035 08 38 11.90 -12 18 00.5          21.2 Vdh5853291
N1937K01F32O  C2003 03 24.13565 08 38 10.65 -12 17 36.4          21.3 Vdh5853291
N1937K01F32O  C2003 03 24.15105 08 38 09.36 -12 17 12.6          20.9 Vdh5853291
N1937K01F32O 1C2003 03 24.41215 08 37 48.47 -12 10 18.2                ch5853413
N1937K01F32O 1C2003 03 24.42368 08 37 47.53 -12 10 00.0                ch5853413
N1937K01F32O HC2003 05 05.14781 08 20 26.88 +04 11 13.9                dh8066291
N1937K01F32O HC2003 05 05.15212 08 20 27.03 +04 11 18.7                dh8066291
N1937K01F32O HC2003 05 05.15596 08 20 27.08 +04 11 23.6                dh8066291
N1937K01F32O HC2003 05 06.13015 08 20 51.69 +04 29 46.5                dh8066291
N1937K01F32O HC2003 05 06.13410 08 20 51.82 +04 29 50.7                dh8066291
N1937K01F32O 1C2005 12 25.48253 03 31 38.28 -57 55 40.5          19.7 Rrp6401413
N1937K01F32O 1C2005 12 25.48588 03 31 38.38 -57 55 29.7          19.6 Rrp6401413
N1937K01F32O  C2005 12 31.54209 03 35 00.96 -52 45 25.6          18.9 Vrp7586E12
N1937K01F32O  C2005 12 31.55289 03 35 01.21 -52 44 54.4          19.4 Vrp7586E12
N1937K01F32O  C2005 12 31.56376 03 35 01.57 -52 44 22.3          19.4 Vrp7586E12
N1937K01F32O  C2005 12 31.57457 03 35 01.86 -52 43 51.1          19.2 Vrp7586E12
N1937K01F32O KC2010 01 24.48325 14 18 47.92 -24 50 20.4          19.2 Cu~0DTl448
N1937K01F32O KC2010 01 24.50546 14 18 53.59 -24 50 28.0          19.9 Cu~0DTl448
N1937K01F32O KC2010 01 24.52832 14 18 59.43 -24 50 36.0          19.8 Cu~0DTl448
N1937         C2010 01 31.48157214 53 01.01 -25 19 34.0                o~0Qs4H21
N1937         C2010 01 31.48564914 53 02.37 -25 19 35.0          20.4 Vo~0Qs4H21
N1937K01F32O KC2010 02 12.50349 16 19 43.87 -24 00 44.4          19.3 Cu~0Dm6448
N1937K01F32O IC2010 02 12.51152 16 19 48.25 -24 00 35.1          19.0 Cu~0Dm6448
N1937K01F32O KC2010 02 12.51973 16 19 52.71 -24 00 25.6          18.8 Cu~0Dm6448
N1937K01F32O KC2010 02 12.52862 16 19 57.52 -24 00 15.8          19.2 Cu~0Dm6448
N1937        KC2012 03 05.20873 09 53 18.88 -21 43 52.9          18.1 Ru~0erE448
N1937        KC2012 03 05.22359 09 53 16.20 -21 43 30.6          19.1 Ru~0erE448
N1937        KC2012 03 05.23886 09 53 13.42 -21 43 08.3          18.8 Ru~0erE448
N1937         C2012 03 23.21846 08 58 34.28 -11 12 39.3          18.6 Vr~0fAs703
N1937         C2012 03 23.23304 08 58 31.69 -11 12 01.3          18.7 Vr~0fAs703
N1937         C2012 03 23.24036 08 58 30.46 -11 11 42.9          19.1 Vr~0fAs703
N1937         C2012 04 17.13602 08 01 44.42 +08 06 21.9          19.7  c~0g4D704
N1937         C2012 04 17.14734 08 01 43.31 +08 06 51.1          19.8  c~0g4D704
N1937         C2012 04 17.15845 08 01 42.14 +08 07 21.6          19.4  c~0g4D704
N1937         C2012 04 17.16965 08 01 40.99 +08 07 54.0          19.4  c~0g4D704
N1937         C2012 04 18.12647 08 00 09.21 +08 50 48.0          19.4 Vr~0g4D703
N1937         C2012 04 18.13220 08 00 08.64 +08 51 03.6          19.7 Vr~0g4D703
N1937         C2012 04 18.13787 08 00 08.02 +08 51 17.8          19.4 Vr~0g4D703
N1937         C2012 04 18.14362 08 00 07.45 +08 51 32.0          18.8 Vr~0g4D703
N1937        |C2014 02 07.15447 09 33 23.25 -24 38 49.4          21.9 Vu~10p9807
N1937        |C2014 02 07.16244 09 33 22.45 -24 38 46.2          21.9 Vu~10p9807
N1937        |C2014 02 07.17115 09 33 21.56 -24 38 43.0          22.0 Vu~10p9807
N1937        |C2014 12 09.29580 07 07 12.49 -46 55 33.4          20.5 Vu~1S2A807
N1937        |C2014 12 09.30193 07 07 11.23 -46 55 33.5          20.8 Vu~1S2A807
N1937        |C2014 12 09.30786 07 07 10.01 -46 55 33.6          20.6 Vu~1S2A807
N1937         C2021 02 10.54560512 44 38.49 -28 56 38.7          18.99cV~4eCuT08
N1937         C2021 02 10.54744812 44 38.61 -28 56 39.2          18.87cV~4eCuT08
N1937         C2021 02 10.55021212 44 38.68 -28 56 41.0          18.79cV~4eCuT08
N1937         C2021 02 10.55569712 44 38.87 -28 56 43.5          18.99cV~4eCuT08
N1937         C2021 02 14.52041412 47 38.80 -29 31 56.2          19.08cV~4lmiT08
N1937         C2021 02 14.54749212 47 39.79 -29 32 10.8          18.63cV~4eCuT08
N1937         C2021 02 14.54933112 47 39.88 -29 32 11.6          18.80cV~4eCuT08
N1937         C2021 02 14.55485212 47 40.10 -29 32 14.2          18.77cV~4eCuT08
N1937         C2021 02 16.52075112 49 06.82 -29 49 24.5          18.74cV~4eCuT05
N1937         C2021 02 16.54331612 49 07.68 -29 49 36.2          18.59cV~4eCuT05
N1937         C2021 02 16.54652312 49 07.83 -29 49 38.1          18.88cV~4eCuT05
N1937         C2021 02 16.54926912 49 07.89 -29 49 39.4          18.87cV~4eCuT05
N1937         C2021 02 26.49793412 56 15.88 -31 14 02.9          17.36oV~4eCuT08
N1937         C2021 02 26.49977912 56 15.96 -31 14 03.8          17.45oV~4eCuT08
N1937         C2021 02 26.50392812 56 16.13 -31 14 06.2          17.33oV~4lmiT08
N1937         C2021 02 26.52051212 56 16.69 -31 14 14.6          17.55oV~4eCuT08
N1937         C2021 03 06.52904813 02 54.13 -32 24 20.2          16.37oV~4lmiT08
N1937         C2021 03 06.53334813 02 54.34 -32 24 22.6          16.28oV~4lmiT08
N1937         C2021 03 06.55242013 02 55.23 -32 24 33.3          16.29oV~4lmiT08
N1937         C2021 03 06.95934813 03 21.563-32 28 04.76         16.5 GV~4gD5K91
N1937         C2021 03 06.96725413 03 21.977-32 28 09.46         16.6 GV~4gD5K91
N1937         C2021 03 06.97519213 03 22.376-32 28 14.25         16.6 GV~4gD5K91
N1937         C2021 03 06.98307813 03 22.770-32 28 19.10         16.6 GV~4gD5K91
N1937         C2021 03 06.99100513 03 23.173-32 28 24.10         16.6 GV~4gD5K91
N1937         C2021 03 11.16336413 08 53.745-33 14 40.72         15.8 GV~4gD5W87
N1937         C2021 03 11.16424513 08 53.823-33 14 41.49         15.8 GV~4gD5W87
N1937         C2021 03 11.16504513 08 53.892-33 14 42.17         15.8 GV~4gD5W87
N1937         C2021 03 11.16584513 08 53.961-33 14 42.92         15.8 GV~4gD5W87
N1937         C2021 03 11.16664613 08 54.032-33 14 43.64         15.8 GV~4gD5W87
N1937         C2021 03 12.07871 13 10 35.66 -33 27 29.9          16.2 Rq~4gD5Y00
N1937         C2021 03 12.08897 13 10 36.70 -33 27 39.8          16.2 Rq~4gD5Y00
N1937         C2021 03 17.21115 13 31 34.46 -35 38 31.5          14.3 Rq~4orWY00
N1937         C2021 03 17.21260 13 31 35.15 -35 38 35.6          14.8 Rq~4orWY00
N1937         C2021 03 17.21361 13 31 35.81 -35 38 38.9          14.4 Rq~4orWY00
N1937         C2021 03 18.48756013 47 15.69 -36 59 34.2          12.84oV~4lmiT08
N1937         C2021 03 18.48986013 47 17.92 -36 59 45.5          12.86oV~4lmiT08
N1937         C2021 03 18.49308813 47 21.05 -37 00 01.9          12.88oV~4lmiT08
N1937         C2021 03 18.52600813 47 53.34 -37 02 46.5          12.95oV~4lmiT08
