H4050K02C19C 2 1986 02 07.43315 05 16 27.65 -13 14 08.0                cf4714260
H4050K02C19C 2 1986 02 07.48871 05 16 23.05 -13 05 47.6                cf4714260
H4050K02C19C 2 1995 08 20.52793 21 34 57.00 -44 37 15.0                cf4714260
H4050K02C19C 2 1995 08 20.56959 21 34 49.33 -44 40 25.2                cf4714260
H4050K02C19C* C2002 02 10.17801 04 45 56.97 -13 42 42.7          17.8 Rcf0128699
H4050K02C19C  C2002 02 10.18738 04 45 56.87 -13 41 33.7                cf0128699
H4050K02C19C  C2002 02 10.19675 04 45 56.82 -13 40 24.5                cf0128699
H4050K02C19C  C2002 02 10.20613 04 45 56.74 -13 39 15.3                cf0128699
H4050K02C19C  C2002 02 11.16774 04 45 57.76 -11 40 55.7          17.6 Rcf0128649
H4050K02C19C  C2002 02 11.17097 04 45 57.77 -11 40 31.9          17.9 Rcf0128649
H4050K02C19C  C2002 02 11.17573 04 45 57.76 -11 39 56.6          17.7 Rcf0128649
H4050K02C19C 1C2002 02 11.52946 04 45 58.75 -10 55 57.5                mf0128413
H4050K02C19C 1C2002 02 11.53059 04 45 58.74 -10 55 49.3                mf0128413
H4050K02C19C  C2002 02 12.16203 04 46 02.68 -09 38 18.2                cf0128670
H4050K02C19C  C2002 02 12.16325 04 46 02.85 -09 38 11.1                cf0128670
H4050K02C19C  C2002 02 14.12866 04 46 22.15 -05 36 18.1                cf0128670
H4050K02C19C  C2002 02 14.13207 04 46 21.68 -05 35 53.8          17.6 Rcf0128649
H4050K02C19C  C2002 02 14.13344 04 46 21.68 -05 35 44.0          17.6 Rcf0128649
H4050K02C19C  C2002 02 14.13480 04 46 21.72 -05 35 34.3          17.6 Rcf0128649
H4050K02C19C  C2002 02 14.13617 04 46 21.73 -05 35 24.0          17.8 Rcf0128649
H4050K02C19C  C2002 02 14.14671 04 46 22.30 -05 34 07.0                cf0128670
H4050K02C19C  C2002 02 14.16604 04 46 22.49 -05 31 43.2                cf0128670
H4050K02C19C  C2002 02 14.18392 04 46 22.44 -05 29 30.9                cf0128670
H4050K02C19C  C2002 02 15.11229 04 46 36.51 -03 36 02.0          18.2  cf0128704
H4050K02C19C  C2002 02 15.12658 04 46 36.64 -03 34 17.9          18.5  cf0128704
H4050K02C19C  C2002 02 15.14084 04 46 36.78 -03 32 33.5          18.5  cf0128704
H4050K02C19C  C2002 02 15.15524 04 46 36.91 -03 30 48.5          18.6  cf0128704
H4050K02C19C  C2002 02 15.16944 04 46 37.14 -03 29 04.9          20.0  cf0128704
H4050K02C19C 1C2002 02 19.44215 04 48 16.98 +04 59 48.5                mf0128413
H4050K02C19C 1C2002 02 19.44330 04 48 17.01 +04 59 56.4                mf0128413
H4050K02C19C 1C2002 02 19.44446 04 48 17.02 +05 00 04.3                mf0128413
H4050K02C19C  C2002 02 19.47044 04 48 17.61 +05 03 04.4          18.0 Vmf0128422
H4050K02C19C  C2002 02 19.47182 04 48 17.66 +05 03 14.0          17.9 Vmf0128422
H4050K02C19C  C2002 02 19.47265 04 48 17.70 +05 03 19.7          17.7 Vmf0128422
H4050K02C19C  C2002 02 20.08653 04 48 37.40 +06 13 27.0          18.0 Rcf0128448
H4050K02C19C  C2002 02 20.08899 04 48 37.32 +06 13 45.6          17.6 Rcf0128448
H4050K02C19C  C2002 02 20.09178 04 48 37.46 +06 14 04.0          17.9 Rcf0128448
H4050K02C19C  C2002 02 20.09832 04 48 37.62 +06 14 47.2          18.2 Rcf0128448
H4050K02C19C  C2002 02 20.13943 04 48 39.00 +06 19 32.3                cf0128670
H4050K02C19C  C2002 02 20.16762 04 48 39.72 +06 22 44.5                cf0128670
H4050K02C19C  C2002 02 24.11813 04 51 09.87 +13 35 50.3                cf0128670
H4050K02C19C  C2002 02 24.17157 04 51 11.81 +13 41 24.8                cf0128670
H4050K02C19C  C2002 03 03.18848 04 57 24.05 +24 51 21.2                cf2607670
H4050K02C19C  C2002 03 03.21140 04 57 25.39 +24 53 19.0                cf2607670
H4050K02C19C 1C2002 03 05.46323 04 59 51.99 +28 00 50.6                mf2607413
H4050K02C19C 1C2002 03 05.46461 04 59 52.09 +28 00 57.2                mf2607413
H4050K02C19C 1C2002 03 05.46597 04 59 52.18 +28 01 03.9          19.4 Rmf2607413
H4050K02C19C  C2002 03 05.80556 05 00 15.70 +28 27 52.4                cf2607118
H4050K02C19C  C2002 03 05.80921 05 00 15.96 +28 28 10.6                cf2607118
H4050K02C19C  C2002 03 05.81069 05 00 16.05 +28 28 16.2                cf2607118
H4050K02C19C  C2002 03 10.80809 05 06 32.15 +34 35 14.2          17.8 Rcf2607118
H4050K02C19C  C2002 03 10.80963 05 06 32.29 +34 35 21.3                cf2607118
H4050K02C19C  C2002 03 10.81828 05 06 32.96 +34 35 56.3                cf2607118
H4050K02C19C  C2002 03 12.09554 05 08 19.35 +36 00 42.0          19.2 Rcu0304448
H4050K02C19C  C2002 03 12.10439 05 08 20.16 +36 01 15.2          18.7 Rcu0304448
H4050K02C19C  C2002 03 12.10944 05 08 20.58 +36 01 35.4          18.4 Rcu0304448
H4050K02C19C  C2002 03 12.82716 05 09 22.02 +36 47 37.6                cf2607118
H4050K02C19C  C2002 03 12.82890 05 09 22.12 +36 47 43.4                cf2607118
H4050K02C19C  C2002 03 12.83578 05 09 22.78 +36 48 09.4          18.3 Rcf2607118
H4050K02C19C  C2002 03 13.10270 05 09 46.25 +37 05 05.4          18.3 Rcf2607448
H4050K02C19C  C2002 03 13.10690 05 09 46.57 +37 05 21.2          18.3 Rcf2607448
H4050K02C19C  C2002 03 13.11675 05 09 47.40 +37 05 57.9          19.0 Rcf2607448
H4050K02C19C  C2002 03 13.23464 05 09 57.29 +37 13 20.6          19.1 Rcf2607926
H4050K02C19C  C2002 03 13.23791 05 09 57.49 +37 13 34.5          20.3 Rcf2607926
H4050K02C19C 7C2002 04 06.17321 05 57 39.49 +55 00 31.1                cf5353696
H4050K02C19C 7C2002 04 06.17586 05 57 39.84 +55 00 35.6                cf5353696
H4050K02C19C 7C2002 05 07.13595 07 46 56.31 +65 42 53.7                cf4714696
H4050K02C19C 7C2002 05 07.13784 07 46 56.92 +65 42 55.0                cf4714696
H4050K02C19C  C2004 07 24.67896 03 55 40.83 -22 40 49.6          19.1 Rcl0685474
H4050K02C19C  C2004 07 24.68401 03 55 41.93 -22 40 54.9          19.5 Rcl0685474
H4050K02C19C  C2004 07 24.68907 03 55 43.07 -22 41 00.5          19.3 Rcl0685474
H4050K02C19C  C2004 07 24.69413 03 55 44.17 -22 41 05.9          19.3 Rcl0685474
H4050K02C19C  C2004 07 24.69919 03 55 45.28 -22 41 11.3          19.4 Rcl0685474
H4050K02C19C  C2004 09 19.66658 07 11 25.85 -36 58 55.5          20.4 Rrl4303474
H4050K02C19C  C2004 09 19.67373 07 11 27.07 -36 59 00.2          20.5 Rrl4303474
H4050K02C19C  C2004 09 19.68088 07 11 28.31 -36 59 04.4          20.5 Rrl4303474
H4050K02C19C  C2005 01 21.68029 11 03 23.49 -15 57 46.6          16.2 Rmm6741355
H4050K02C19C  C2005 01 21.68162 11 03 23.56 -15 57 36.3                mm6741355
H4050K02C19C 1C2005 01 30.07472 11 15 27.65 +11 31 59.5                on1605084
H4050K02C19C  C2005 02 02.33455 11 20 43.84 +26 05 25.7          17.1  zm6741294
H4050K02C19C  C2005 02 02.34777 11 20 44.99 +26 09 03.4          16.4  zm6741294
H4050K02C19C  C2005 02 02.35213 11 20 45.43 +26 10 15.0          18.5  zm6741294
H4050K02C19C  C2005 02 02.35866 11 20 45.91 +26 12 02.4                zm6741294
H4050K02C19C  C2005 02 03.14647 11 22 09.99 +29 48 04.2          16.6  zm6741294
H4050K02C19C  C2005 02 03.16272 11 22 11.49 +29 52 31.9          16.0  zm6741294
H4050K02C19C  C2005 02 03.17018 11 22 12.25 +29 54 35.3          16.3  zm6742294
H4050K02C19C  C2005 02 03.72648 11 23 08.42 +32 26 22.2          15.1 Vmm5629379
H4050K02C19C  C2005 02 03.72763 11 23 08.51 +32 26 41.5          15.5 Vmm5629379
H4050K02C19C  C2005 02 03.72877 11 23 08.62 +32 26 59.5          15.2 Vmm5629379
H4050K02C19C  C2005 02 03.72992 11 23 08.70 +32 27 18.4          15.3 Vmm5629379
H4050K02C19C  C2005 02 03.73106 11 23 08.81 +32 27 36.6          15.2 Vmm5629379
H4050K02C19C  C2005 02 03.73221 11 23 08.92 +32 27 55.0          15.2 Vmm5629379
H4050K02C19C 1C2005 02 04.08231 11 23 45.69 +34 02 12.7                on1605084
H4050K02C19C 1C2005 02 04.08309 11 23 45.81 +34 02 24.8                on1605084
H4050K02C19C  C2005 02 04.19624 11 24 01.35 +34 32 57.5          15.6 Rrm5630734
H4050K02C19C  C2005 02 04.19676 11 24 01.40 +34 33 05.6          15.9 Rrm5630734
H4050K02C19C  C2005 02 04.19727 11 24 01.45 +34 33 13.9          15.5 Rrm5630734
H4050K02C19C  C2005 02 04.19779 11 24 01.50 +34 33 22.2          15.7 Rrm5630734
H4050K02C19C  C2005 02 04.19830 11 24 01.56 +34 33 30.5          15.6 Rrm5630734
H4050K02C19C  C2005 02 04.19882 11 24 01.61 +34 33 38.6          15.4 Rrm5630734
H4050K02C19C  C2005 02 04.89604 11 25 17.41 +37 38 52.5                cm6742127
H4050K02C19C  C2005 02 04.89954 11 25 17.77 +37 39 48.0                cm6742127
H4050K02C19C  C2005 02 04.90231 11 25 18.06 +37 40 31.8                cm6742127
H4050K02C19C  C2005 02 04.90512 11 25 18.36 +37 41 16.7                cm6742127
H4050K02C19C  C2005 02 04.90807 11 25 18.65 +37 42 03.4                cm6742127
H4050K02C19C 1C2005 02 05.15119 11 25 41.88 +38 45 40.7                on1605084
H4050K02C19C  C2005 02 05.24575 11 25 55.84 +39 10 26.9          15.2 Vrm6349726
H4050K02C19C  C2005 02 05.24921 11 25 56.13 +39 11 21.0          15.4 Vrm6349726
H4050K02C19C  C2005 02 05.25198 11 25 56.44 +39 12 04.2          15.4 Vrm6349726
H4050K02C19C  C2005 02 05.25474 11 25 56.79 +39 12 47.7          15.4 Vrm6349726
H4050K02C19C  C2005 02 05.25750 11 25 56.95 +39 13 31.1          15.2 Vrm6349726
H4050K02C19C  C2005 02 06.72749 11 28 44.78 +45 23 18.0          16.0 Vmm6349379
H4050K02C19C  C2005 02 06.72909 11 28 44.96 +45 23 41.3          15.8 Vmm6349379
H4050K02C19C  C2005 02 06.72988 11 28 45.01 +45 23 52.8          15.9 Vmm6349379
H4050K02C19C  C2005 02 06.74931 11 28 46.91 +45 28 34.7          15.7 Vmm6349379
H4050K02C19C  C2005 02 06.75490 11 28 47.45 +45 29 55.8          15.8 Vmm6349379
H4050K02C19C  C2005 02 07.00914 11 29 19.02 +46 30 40.0          15.7  zm6349A70
H4050K02C19C  C2005 02 07.02101 11 29 20.35 +46 33 29.3          16.0  zm6349A70
H4050K02C19C  C2005 02 07.02581 11 29 20.83 +46 34 38.1          15.4  zm6349A70
H4050K02C19C  C2005 02 08.11238 11 31 34.33 +50 45 30.7          15.3 Rrm6349106
H4050K02C19C  C2005 02 08.11809 11 31 34.94 +50 46 46.6          15.2 Rrm6349106
H4050K02C19C  C2005 02 08.12381 11 31 35.57 +50 48 02.6          15.3 Rrm6349106
H4050K02C19C  C2005 02 08.77447 11 32 59.58 +53 09 50.7          16.4 Vmm6349379
H4050K02C19C  C2005 02 08.80470 11 33 02.91 +53 16 13.9          15.7 Vmm6349379
H4050K02C19C  C2005 02 08.80550 11 33 02.97 +53 16 24.2          15.8 Vmm6349379
H4050K02C19C  C2005 02 08.80630 11 33 03.07 +53 16 34.9          15.8 Vmm6349379
H4050K02C19C  C2005 02 08.81109 11 33 03.62 +53 17 34.8          16.0 Vmm6349379
H4050K02C19C  C2005 02 08.81189 11 33 03.62 +53 17 44.6          16.1 Vmm6349379
H4050K02C19C  C2005 02 08.88319 11 33 18.26 +53 32 30.6                cm6742127
H4050K02C19C  C2005 02 08.88619 11 33 18.64 +53 33 08.8                cm6742127
H4050K02C19C  C2005 02 08.88916 11 33 19.02 +53 33 46.4                cm6742127
H4050K02C19C  C2005 02 08.89192 11 33 19.36 +53 34 22.2                cm6742127
H4050K02C19C 1C2005 02 09.77713 11 35 19.05 +56 35 04.8                on1605084
H4050K02C19C 1C2005 02 09.78007 11 35 19.45 +56 35 39.8                on1605084
H4050K02C19C 1C2005 02 09.78084 11 35 19.59 +56 35 48.7                on1605084
H4050K02C19C  C2005 02 11.16654 11 38 41.71 +60 55 06.6          16.3 Vzm6349726
H4050K02C19C  C2005 02 11.17023 11 38 42.32 +60 55 46.1          16.3 Vzm6349726
H4050K02C19C  C2005 02 11.17311 11 38 42.68 +60 56 17.2          16.3 Vzm6349726
H4050K02C19C  C2005 02 11.17599 11 38 43.18 +60 56 47.6          16.2 Vzm6349726
H4050K02C19C  C2005 02 11.17887 11 38 43.46 +60 57 18.7          16.4 Vzm6349726
H4050K02C19C  C2005 02 11.18175 11 38 43.98 +60 57 49.8          16.2 Vzm6349726
H4050K02C19C  C2005 02 11.60087 11 39 47.92 +62 10 44.4          16.2 Vmm6742379
H4050K02C19C  C2005 02 11.60330 11 39 48.25 +62 11 09.4          16.2 Vmm6742379
H4050K02C19C  C2005 02 11.60410 11 39 48.36 +62 11 17.2          16.2 Vmm6742379
H4050K02C19C  C2005 02 11.60729 11 39 48.74 +62 11 50.1          16.4 Vmm6742379
H4050K02C19C  C2005 02 11.61049 11 39 49.21 +62 12 23.1          16.0 Vmm6742379
H4050K02C19C  C2005 02 12.12546 11 41 12.21 +63 37 47.3          16.4 Vrm6742726
H4050K02C19C  C2005 02 12.12914 11 41 12.87 +63 38 24.1          16.4 Vrm6742726
H4050K02C19C  C2005 02 12.13202 11 41 13.30 +63 38 52.7          16.6 Vrm6742726
H4050K02C19C  C2005 02 12.13490 11 41 13.78 +63 39 21.3          16.3 Vrm6742726
H4050K02C19C  C2005 02 12.13778 11 41 14.12 +63 39 49.3          16.3 Vrm6742726
H4050K02C19C  C2005 02 12.14066 11 41 14.61 +63 40 17.8          16.4 Vrm6742726
H4050K02C19C  C2005 02 13.14282 11 44 03.48 +66 16 28.5          16.6 Vrm6742726
H4050K02C19C  C2005 02 13.14651 11 44 04.26 +66 17 02.0          16.4 Vrm6742726
H4050K02C19C  C2005 02 13.14938 11 44 04.49 +66 17 28.1          16.5 Vrm6742726
H4050K02C19C  C2005 02 13.15226 11 44 05.14 +66 17 54.2          16.5 Vrm6742726
H4050K02C19C  C2005 02 13.15514 11 44 05.55 +66 18 20.6          16.2 Vrm6742726
H4050K02C19C  C2005 02 13.15802 11 44 06.04 +66 18 46.2          16.5 Vrm6742726
H4050K02C19C  C2005 02 13.70617 11 45 40.24 +67 38 49.2                mm6742379
H4050K02C19C  C2005 02 13.70846 11 45 40.45 +67 39 08.9          16.3 Vmm6742379
H4050K02C19C  C2005 02 15.25043 11 50 44.27 +71 03 19.8          14.6 Vrm6742726
H4050K02C19C  C2005 02 15.25411 11 50 45.03 +71 03 46.7          17.2 Vrm6742726
H4050K02C19C  C2005 02 15.25700 11 50 45.39 +71 04 09.5          17.2 Vrm6742726
H4050K02C19C  C2005 02 15.25988 11 50 46.04 +71 04 30.8          17.3 Vrm6742726
H4050K02C19C  C2005 02 16.88739 11 56 56.70 +74 11 19.7                rm7138A30
H4050K02C19C  C2005 02 16.88819 11 56 56.87 +74 11 24.9                rm7138A30
H4050K02C19C  C2005 02 16.88852 11 56 56.93 +74 11 27.0                rm7138A30
H4050K02C19C  C2005 02 16.88930 11 56 57.10 +74 11 32.2                rm7138A30
H4050K02C19C  C2005 02 16.89055 11 56 57.40 +74 11 40.3                rm7138A30
H4050K02C19C  C2005 02 17.14206 11 58 00.61 +74 38 07.2          16.7 Vzm6742726
H4050K02C19C  C2005 02 17.14574 11 58 01.29 +74 38 29.9          16.9 Vzm6742726
H4050K02C19C  C2005 02 19.10472 12 07 16.20 +77 45 29.7          16.4 Vzm6742726
H4050K02C19C  C2005 02 19.10840 12 07 17.46 +77 45 51.4          17.0 Vzm6742726
H4050K02C19C  C2005 02 19.11128 12 07 18.99 +77 46 06.8          17.3 Vzm6742726
H4050K02C19C  C2005 02 19.11417 12 07 19.69 +77 46 22.6          16.7 Vzm6742726
H4050K02C19C  C2005 02 19.11705 12 07 20.60 +77 46 36.9          17.1 Vzm6742726
H4050K02C19C  C2005 02 19.11993 12 07 21.17 +77 46 52.2          16.7 Vzm6742726
H4050K02C19C 1C2005 02 23.09096 12 35 31.91 +82 38 00.2                on1605084
H4050K02C19C 1C2005 02 23.09279 12 35 32.67 +82 38 06.7                on1605084
H4050K02C19C 1C2005 02 24.06868 12 45 50.71 +83 34 45.2                on1605084
H4050K02C19C 1C2005 02 24.07122 12 45 52.24 +83 34 53.7                on1605084
H4050K02C19C 1C2005 02 24.88292 12 56 10.23 +84 17 58.8                on1605084
H4050K02C19C 1C2005 02 24.88545 12 56 12.69 +84 18 06.9                on1605084
H4050K02C19C  C2005 02 25.86317 13 11 03.47 +85 05 25.2          17.9 Vcm7138A65
H4050K02C19C  C2005 02 25.86537 13 11 05.89 +85 05 30.8          18.0 Vcm7138A65
H4050K02C19C  C2005 02 25.86757 13 11 07.23 +85 05 36.8          18.7 Vcm7138A65
H4050K02C19C  C2005 02 25.86977 13 11 09.75 +85 05 44.5          18.1 Vcm7138A65
H4050K02C19C  C2005 02 25.87197 13 11 12.33 +85 05 48.9          17.9 Vcm7138A65
H4050K02C19C 1C2005 02 26.05533 13 14 06.67 +85 14 20.6                on1605084
H4050K02C19C 1C2005 02 26.05785 13 14 09.19 +85 14 27.4                on1605084
H4050K02C19C  C2005 02 26.88421 13 30 19.52 +85 49 42.5          17.9 Vcm7138A65
H4050K02C19C  C2005 02 26.88780 13 30 24.52 +85 49 51.9          17.7 Vcm7138A65
H4050K02C19C  C2005 02 26.89138 13 30 28.84 +85 50 01.6          18.7 Vcm7138A65
H4050K02C19C 1C2005 03 06.05733218 45 53.82 +87 53 55.1                on3092084
H4050K02C19C  C2005 07 27.85994 16 06 46.83 +40 47 34.5          19.7 Von8619240
H4050K02C19C  C2005 07 27.86452 16 06 47.09 +40 47 17.1          19.5 Von8619240
H4050K02C19C  C2005 07 27.88231 16 06 48.08 +40 46 08.5          19.6 Von8619240
H4050K02C19C  C2007 12 18.50630 12 11 23.42 -10 54 19.2          19.4 Vrx1728703
H4050K02C19C  C2007 12 18.51301 12 11 24.79 -10 54 05.9          19.0 Vrx1728703
H4050K02C19C  C2007 12 18.51969 12 11 26.19 -10 53 55.7          19.0 Vrx1728703
H4050K02C19C  C2007 12 18.52647 12 11 27.63 -10 53 42.6          19.4 Vrx1728703
H4050K02C19C  C2008 01 13.46890 14 01 31.34 +08 44 22.0          18.6  cx4146704
H4050K02C19C  C2008 01 13.48199 14 01 35.19 +08 45 08.8          18.7  cx4146704
H4050K02C19C  C2008 01 13.49509 14 01 39.10 +08 45 56.4          19.3  cx4146704
H4050K02C19C  C2008 01 13.50817 14 01 42.88 +08 46 43.8          19.3  cx4146704
H4050         C2008 06 23.92677 20 08 45.00 +54 43 10.1          19.8 Voz2002A13
H4050         C2008 06 23.94596 20 08 42.11 +54 42 53.0          19.2 Voz2002A13
H4050         C2008 06 23.94685 20 08 41.87 +54 42 51.9          18.7 Roz2002B15
H4050         C2008 06 23.94939 20 08 41.50 +54 42 49.5          18.9 Roz2002B15
H4050         C2008 06 23.95305 20 08 40.99 +54 42 46.0          18.9 Roz2002B15
H4050         C2008 06 23.95505 20 08 40.68 +54 42 44.0          18.7 Roz2002B15
H4050         C2008 06 25.38826 20 05 05.18 +54 18 43.7          19.2 Rrz2002H45
H4050         C2008 06 25.39270 20 05 04.68 +54 18 39.4          19.2 Rrz2002H45
H4050         C2008 06 25.39414 20 05 04.46 +54 18 38.0          19.1 Rrz2002H45
H4050         C2008 06 25.39553 20 05 04.22 +54 18 36.1          19.1 Rrz2002H45
H4050         C2008 06 25.39698 20 05 03.94 +54 18 34.5          19.1 Rrz2002H45
H4050         C2008 06 26.95155 20 01 04.54 +53 49 27.6          19.1 Rcz2002B67
H4050         C2008 06 26.96467 20 01 02.26 +53 49 13.4          19.4 Rcz2002B67
H4050         C2008 06 26.97771 20 01 00.24 +53 48 57.6          19.6 Rcz2002B67
H4050         C2008 07 02.04344 19 47 09.49 +51 50 05.6          18.4 Roz2406130
H4050         C2008 07 02.04545 19 47 09.05 +51 50 02.2          18.6 Roz2406130
H4050         C2008 07 02.04746 19 47 08.70 +51 49 59.3          18.6 Roz2406130
H4050         C2008 07 02.04997 19 47 08.26 +51 49 55.4          18.3 Roz2406130
H4050         C2008 07 18.93589 18 58 57.78 +39 20 51.9          17.5 Rcz2873442
H4050         C2008 07 18.93925 18 58 57.19 +39 20 38.6          17.5 Rcz2873442
H4050         C2008 07 22.26006 18 50 25.11 +35 37 35.0          18.2 Rrz2873H45
H4050         C2008 07 22.26569 18 50 24.26 +35 37 11.7          18.2 Rrz2873H45
H4050         C2008 07 22.26731 18 50 24.02 +35 37 03.9          18.3 Rrz2873H45
H4050         C2008 07 22.26899 18 50 23.73 +35 36 57.0          18.4 Rrz2873H45
H4050         C2008 07 22.27026 18 50 23.57 +35 36 51.3          18.4 Rrz2873H45
H4050         C2008 07 24.99413 18 43 52.40 +32 15 08.7          17.5 Rrz2873B67
H4050         C2008 07 24.99941 18 43 51.65 +32 14 44.4          17.7 Rrz2873B67
H4050         C2008 07 25.00470 18 43 50.89 +32 14 19.9          17.7 Rrz2873B67
H4050         C2008 07 27.90178 18 37 27.33 +28 23 05.1          18.4 Vrz3471B38
H4050         C2008 07 27.90451 18 37 26.97 +28 22 51.5          18.4 Vrz3471B38
H4050         C2008 07 27.90725 18 37 26.61 +28 22 38.0          18.6 Vrz3471B38
H4050         C2008 07 27.91048 18 37 26.21 +28 22 21.3          18.6 Vrz3471B38
H4050         C2008 07 27.91372 18 37 25.81 +28 22 04.4          18.3 Vrz3471B38
H4050         C2008 07 27.91710 18 37 25.34 +28 21 48.2          18.3 Vrz3471B38
H4050         C2008 07 27.92048 18 37 24.89 +28 21 31.7          18.4 Vrz3471B38
H4050         C2008 07 29.89338 18 33 23.97 +25 35 21.3          18.4 Vrz3471B38
H4050         C2008 07 29.89525 18 33 23.75 +25 35 12.0          18.4 Vrz3471B38
H4050         C2008 07 29.89759 18 33 23.48 +25 34 59.9          18.2 Vrz3471B38
H4050         C2008 07 29.89967 18 33 23.23 +25 34 49.0          18.3 Vrz3471B38
H4050         C2008 07 29.90166 18 33 22.99 +25 34 38.5          18.1 Vrz3471B38
H4050         C2008 07 29.90455 18 33 22.62 +25 34 23.7          18.3 Vrz3471B38
H4050         C2008 07 29.90745 18 33 22.25 +25 34 08.8          18.2 Vrz3471B38
H4050         C2008 07 29.90928 18 33 22.01 +25 33 59.1          18.2 Vrz3471B38
H4050         C2008 07 29.91158 18 33 21.74 +25 33 47.1          18.1 Vrz3471B38
H4050         C2008 08 02.92105 18 26 06.17 +19 39 37.9          18.2 Vrz3957B38
H4050         C2008 08 02.92600 18 26 05.66 +19 39 11.2          18.3 Vrz3957B38
H4050         C2008 08 02.92841 18 26 05.41 +19 38 57.9          18.4 Vrz3957B38
H4050         C2008 08 02.93610 18 26 04.60 +19 38 16.4          18.2 Vrz3957B38
H4050         C2008 08 02.93869 18 26 04.31 +19 38 02.4          18.2 Vrz3957B38
H4050         C2008 08 03.24432 18 25 34.08 +19 10 25.1          18.1 Rrz3957H45
H4050         C2008 08 03.24536 18 25 33.94 +19 10 19.4          18.0 Rrz3957H45
H4050         C2008 08 03.24742 18 25 33.76 +19 10 08.6          18.1 Rrz3957H45
H4050         C2008 08 03.24886 18 25 33.62 +19 10 00.8          18.0 Rrz3957H45
H4050         C2008 08 03.24964 18 25 33.54 +19 09 56.2          18.0 Rrz3957H45
H4050         C2008 08 03.96302 18 24 25.12 +18 05 04.6          18.3 Rcz3957B37
H4050         C2008 08 03.96403 18 24 25.02 +18 04 58.7          18.0 Rcz3957B37
H4050         C2008 08 03.96513 18 24 24.87 +18 04 53.2          17.9 Rcz3957B37
H4050         C2008 08 03.96559 18 24 24.87 +18 04 51.3          17.9 Rcz3957B37
H4050         C2008 08 05.91586 18 21 29.80 +15 06 19.6          17.4 Rrz3957B67
H4050         C2008 08 05.92381 18 21 29.09 +15 05 36.0          17.6 Rrz3957B67
H4050         C2008 08 05.93102 18 21 28.44 +15 04 56.4          17.8 Rrz3957B67
H4050         C2010 12 05.50045 12 47 48.48 +01 22 28.7          20.0 Vr~0Qax703
H4050         C2010 12 05.50717 12 47 50.02 +01 22 35.5          19.6 Vr~0Qax703
H4050         C2010 12 05.51395 12 47 51.64 +01 22 43.1          19.7 Vr~0Qax703
H4050         C2010 12 05.52070 12 47 53.23 +01 22 50.7          20.4 Vr~0Qax703
H4050         C2011 01 05.53266 15 02 52.33 +12 35 55.7          20.2 Vr~0SAf703
H4050         C2011 01 05.53735 15 02 53.44 +12 35 59.9          19.9 Vr~0SAf703
H4050        KC2011 07 03.94299 22 14 42.50 +23 09 51.4          18.9 Vu~0WuaA13
H4050        KC2011 07 03.96385 22 14 42.15 +23 09 12.1          18.9 Vu~0WuaA13
H4050         C2011 07 07.32677 22 13 29.13 +21 12 40.4          19.4  c~0Wua704
H4050         C2011 07 07.33709 22 13 28.69 +21 12 16.6          18.6  c~0Wua704
H4050         C2011 07 07.34739 22 13 28.35 +21 11 53.4          19.0  c~0Wua704
H4050         C2011 07 07.35771 22 13 28.10 +21 11 30.5          19.1  c~0Wua704
H4050         C2011 07 18.32405 22 04 29.94 +12 05 39.1          18.1 Ru~0X4wH45
H4050         C2011 07 18.32568 22 04 29.82 +12 05 32.1          18.2 Ru~0X4wH45
H4050         C2011 07 18.32774 22 04 29.65 +12 05 24.4          18.1 Ru~0X4wH45
H4050         C2011 07 18.32926 22 04 29.52 +12 05 18.9          18.4 Ru~0X4wH45
H4050         C2011 07 18.33084 22 04 29.38 +12 05 12.8          18.1 Ru~0X4wH45
H4050        KC2011 07 20.98240 22 01 02.49 +09 06 27.2          17.0 Rc~0Z5MA24
H4050        KC2011 07 20.98383 22 01 02.36 +09 06 20.9          17.3 Rc~0Z5MA24
H4050        KC2011 07 26.05074 21 52 53.81 +02 27 06.1          16.3 Rc~0YPXA24
H4050        KC2011 07 26.05148 21 52 53.71 +02 27 02.5          17.1 Rc~0YPXA24
H4050        KC2011 07 26.08500 21 52 49.87 +02 24 08.9          17.2 Rc~0YPXA24
H4050         C2011 07 31.29152 21 42 19.89 -05 41 10.8          16.5  c~0XHd704
H4050         C2011 07 31.30300 21 42 18.28 -05 42 18.5          17.3  c~0XHd704
H4050         C2011 07 31.32584 21 42 15.08 -05 44 36.1          17.4  c~0XHd704
H4050        KC2011 08 01.98381 21 38 27.69 -08 31 58.6          16.4 Rc~0YPXA24
H4050        KC2011 08 01.98456 21 38 27.57 -08 32 03.4          16.7 Rc~0YPXA24
H4050        KC2011 08 02.03064 21 38 20.77 -08 36 47.1          16.3 Rc~0YPXA24
H4050        KC2011 08 02.03139 21 38 20.64 -08 36 51.2          16.6 Rc~0YPXA24
H4050         C2011 08 03.01788 21 35 59.35 -10 18 33.2          16.5 Ru~0XHdC01
H4050         C2011 08 03.01851 21 35 59.24 -10 18 37.2          16.6 Ru~0XHdC01
H4050         C2011 08 03.01912 21 35 59.16 -10 18 40.9          16.4 Ru~0XHdC01
H4050         C2011 08 03.01972 21 35 59.06 -10 18 44.8          16.6 Ru~0XHdC01
H4050         C2011 08 03.02035 21 35 58.97 -10 18 48.6          16.6 Ru~0XHdC01
H4050         C2011 08 06.92506121 26 01.535-17 09 15.86               u~0YqE089
H4050         C2011 08 06.92576621 26 01.383-17 09 19.50               u~0YqE089
H4050         C2011 08 06.92647221 26 01.275-17 09 24.81               u~0YqE089
H4050         C2011 08 06.92717821 26 01.170-17 09 28.54               u~0YqE089
H4050         C2011 08 06.92860221 26 00.940-17 09 38.16               u~0YqE089
H4050         C2011 08 06.92930821 26 00.804-17 09 42.70               u~0YqE089
H4050         C2011 08 06.93001521 26 00.686-17 09 46.59               u~0YqE089
H4050         C2011 08 06.93073221 26 00.588-17 09 51.02               u~0YqE089
H4050         C2011 08 06.93143821 26 00.506-17 09 55.63               u~0YqF089
H4050         C2011 08 06.93214421 26 00.360-17 10 00.39               u~0YqF089
H4050         C2011 08 06.93285021 26 00.228-17 10 04.28               u~0YqF089
H4050         C2011 08 06.93355621 26 00.061-17 10 09.97               u~0YqF089
H4050         C2011 08 06.93426221 25 59.975-17 10 13.83               u~0YqF089
H4050         C2011 08 09.61663 21 18 39.01 -21 51 07.8          16.3 Ro~0XRbD22
H4050         C2011 08 09.62784 21 18 37.04 -21 52 17.7          16.4 Ro~0XRbD22
H4050         C2011 08 09.63979 21 18 34.93 -21 53 32.2          16.4 Ro~0XRbD22
H4050        KC2011 08 09.94684 21 17 43.14 -22 25 41.7          16.4 Rw~0XNMJ59
H4050        KC2011 08 09.95473 21 17 41.77 -22 26 30.3          16.5 Rw~0XNMJ59
H4050        KC2011 08 09.96102 21 17 40.62 -22 27 09.7          16.3 Rw~0XNMJ59
H4050        QC2011 08 30.46975 20 18 56.89 -48 41 15.4          18.2 Vr~0XqyE12
H4050        QC2011 08 30.49103 20 18 53.54 -48 42 15.0          18.0 Vr~0XqyE12
H4050        KC2011 09 04.35362 20 07 57.39 -52 02 58.2                u~0Y4I432
H4050        KC2011 09 04.37418 20 07 54.76 -52 03 43.1                u~0Y4I432
H4050        KC2011 09 04.39443 20 07 52.14 -52 04 27.6                u~0Y4I432
H4050        KC2011 09 05.34665 20 05 59.33 -52 37 46.9                u~0Y4I432
H4050        KC2011 09 05.36927 20 05 56.56 -52 38 34.1                u~0Y4I432
H4050         C2014 04 25.46660 21 45 31.66 +15 59 53.8          20.1 Vq~13ZMG96
H4050         C2014 04 25.47114 21 45 32.27 +15 59 52.5          20.4 Vq~13ZMG96
H4050         C2014 04 25.47569 21 45 32.77 +15 59 52.0          20.6 Vq~13ZMG96
H4050         C2014 04 25.48023 21 45 33.34 +15 59 51.8          20.0 Vq~13ZMG96
H4050         C2014 05 28.58786 22 50 08.832+12 52 04.72         20.2 wL~14z2F51
H4050         C2014 05 28.59348 22 50 09.446+12 52 01.23         20.1 wL~14z2F51
H4050         C2014 05 28.59906 22 50 10.056+12 51 57.85         20.2 wL~14z2F51
H4050         C2014 06 02.42586 22 59 06.10 +11 56 58.3          20.1 Vq~15GK703
H4050         C2014 06 02.43794 22 59 07.40 +11 56 50.1          20.1 Vq~15GK703
H4050         C2014 06 02.44396 22 59 08.11 +11 56 44.8          20.2 Vq~15GK703
H4050         C2014 06 28.42461 23 46 00.84 +03 00 52.8          19.2 Vq~15sD703
H4050         C2014 06 28.43061 23 46 01.46 +03 00 41.9          19.8 Vq~15sD703
H4050         C2014 06 28.43662 23 46 02.09 +03 00 30.5          19.5 Vq~15sD703
H4050         C2014 06 28.44263 23 46 02.72 +03 00 18.2          19.8 Vq~15sD703
H4050         C2014 06 30.43191 23 49 33.94 +01 55 30.3          19.1 Vq~168l703
H4050         C2014 06 30.43931 23 49 34.68 +01 55 15.1          19.6 Vq~168l703
H4050         C2014 06 30.44670 23 49 35.42 +01 54 59.2          19.6 Vq~168l703
H4050         C2014 06 30.45410 23 49 36.23 +01 54 44.4          19.5 Vq~168l703
H4050         C2014 07 07.57517 00 02 07.325-02 36 33.60         19.5 wL~16JnF51
H4050         C2014 07 07.58400 00 02 08.215-02 36 56.27         19.5 wL~16JnF51
H4050         C2014 07 07.59279 00 02 09.100-02 37 18.84         19.5 wL~16JnF51
H4050        |C2015 01 08.03507 01 47 11.09 -55 28 08.2          20.1 Vu~1GK7807
H4050        |C2015 01 08.03871 01 47 11.54 -55 28 00.7          20.2 Vu~1GK7807
H4050        |C2015 01 08.04264 01 47 12.03 -55 27 51.9          20.0 Vu~1GK7807
H4050        |C2015 02 18.01867 03 22 34.94 -21 58 17.8          19.9 Vu~1Lrp807
H4050        |C2015 02 18.02390 03 22 35.71 -21 57 59.4          19.9 Vu~1Lrp807
H4050        |C2015 02 18.02922 03 22 36.40 -21 57 40.2          20.0 Vu~1Lrp807
H4050        |C2015 02 27.01162 03 43 53.11 -13 02 23.5          19.8 Vu~1MYW807
H4050        |C2015 02 27.01634 03 43 53.81 -13 02 06.0          19.8 Vu~1MYW807
H4050        |C2015 02 27.02119 03 43 54.45 -13 01 48.4          19.8 Vu~1MYW807
H4050        |C2015 03 09.00304 04 08 00.51 -03 10 04.1          19.8 Vu~1Mye807
H4050        |C2015 03 09.00805 04 08 01.23 -03 09 46.6          19.7 Vu~1Mye807
H4050        |C2015 03 09.01307 04 08 01.94 -03 09 29.1          20.0 Vu~1Mye807
H4050         C2015 04 10.13942 05 31 29.03 +23 41 39.5          19.9 Vq~1PzVG96
H4050         C2015 04 10.14352 05 31 29.77 +23 41 49.0          19.6 Vq~1PzVG96
H4050         C2015 04 10.14762 05 31 30.41 +23 41 59.3          20.1 Vq~1PzVG96
H4050         C2015 04 10.15173 05 31 31.07 +23 42 09.0          20.0 Vq~1PzVG96
H4050         C2018 01 25.22786 04 20 11.792-43 05 45.14         18.6 iU~2X6gF51
H4050         C2018 01 25.23671 04 20 11.639-43 05 03.75         18.7 iU~2X6gF51
H4050         C2018 01 25.24557 04 20 11.464-43 04 22.10         18.4 iU~2X6gF51
H4050         C2018 02 06.15597 04 22 14.89 -25 17 59.1                U~2Xte703
H4050         C2018 02 06.16156 04 22 15.01 -25 17 25.5          18.2 GU~2Xte703
H4050         C2018 02 06.16715 04 22 15.08 -25 16 51.5          18.2 GU~2Xte703
H4050         C2018 02 06.17274 04 22 15.22 -25 16 18.1          18.5 GU~2Xte703
H4050         C2018 02 09.29559 04 23 58.14 -20 00 53.4          17.9 oU~2YX9T08
H4050         C2018 02 09.30343 04 23 58.37 -20 00 05.4          18.1 oU~2YX9T08
H4050         C2018 02 09.31124 04 23 58.61 -19 59 17.8          18.3 oU~2YX9T08
H4050         C2018 02 09.31906 04 23 58.90 -19 58 28.5          18.5 oU~2YX9T08
H4050         C2018 02 10.29000 04 24 36.33 -18 18 36.9          18.8 oU~2YX9T08
H4050         C2018 02 10.29322 04 24 36.45 -18 18 19.0          18.4 oU~2YX9T08
H4050         C2018 02 10.29735 04 24 36.63 -18 17 50.0          18.8 oU~2YX9T08
H4050         C2018 02 10.30059 04 24 36.72 -18 17 32.8          18.4 oU~2YX9T08
H4050         C2018 02 10.30476 04 24 36.84 -18 17 05.2          18.9 oU~2YX9T08
H4050         C2018 02 10.31214 04 24 37.17 -18 16 20.3          18.5 oU~2YX9T08
H4050         C2018 02 10.31582 04 24 37.23 -18 15 57.6          18.4 oU~2YX9T08
H4050         C2018 02 27.16184 04 41 17.83 +10 01 09.5          18.9 GU~2ZJNG96
H4050         C2018 02 27.16715 04 41 18.22 +10 01 38.7          18.6 GU~2ZJNG96
H4050         C2018 02 27.17247 04 41 18.60 +10 02 07.8          18.7 GU~2ZJNG96
H4050         C2018 02 27.17779 04 41 18.99 +10 02 37.1          18.7 GU~2ZJNG96
H4050        KC2018 02 28.01873 04 42 25.13 +11 18 58.4          18.4 VU~2ZhFW34
H4050        KC2018 02 28.02585 04 42 25.59 +11 19 37.8          18.6 VU~2ZhFW34
H4050        KC2018 02 28.03066 04 42 25.91 +11 20 04.8          18.6 VU~2ZhFW34
H4050         C2018 03 08.24012 04 54 17.58 +22 38 23.3          18.9 oU~2ZhFT08
H4050         C2018 03 08.24343 04 54 17.86 +22 38 36.3          18.8 oU~2ZhFT08
H4050         C2018 03 08.25235 04 54 18.70 +22 39 17.1          18.6 oU~2ZhFT08
H4050         C2018 03 08.26054 04 54 19.38 +22 39 53.9          18.7 oU~2ZhFT08
H4050         C2018 04 05.11809 05 51 09.86 +47 25 18.7          19.2 GU~2bFPG96
H4050         C2018 04 05.12381 05 51 10.70 +47 25 31.0          19.5 GU~2bFPG96
H4050         C2018 04 05.12955 05 51 11.55 +47 25 43.2          19.5 GU~2bFPG96
H4050         C2018 04 05.13528 05 51 12.42 +47 25 55.3          19.4 GU~2bFPG96
H4050         C2018 04 25.13299 06 51 09.18 +56 53 25.4          18.9 GU~2dQvG96
H4050         C2018 04 25.13831 06 51 10.30 +56 53 32.6                U~2dQvG96
H4050         C2018 04 25.14362 06 51 11.34 +56 53 38.4          19.4 GU~2dQvG96
H4050         C2018 04 25.14893 06 51 12.50 +56 53 45.4          19.7 GU~2dQvG96
H4050         C2018 05 03.13600 07 20 51.03 +59 26 13.0                U~2e3FG96
H4050         C2018 05 03.14130 07 20 52.19 +59 26 18.3                U~2e3GG96
H4050         C2018 05 03.15190 07 20 54.76 +59 26 28.6          19.4 GU~2e3GG96
H4050         C2018 05 09.14338 07 45 29.36 +60 55 56.7          19.8 GU~2e3G703
H4050         C2018 05 09.14930 07 45 30.88 +60 55 59.7          20.2 GU~2e3G703
H4050         C2018 05 09.16112 07 45 33.97 +60 56 09.2          20.6 GU~2e3G703
H4050         C2018 06 12.31243 10 34 31.701+62 13 30.38         20.2 wU~2fwaF51
H4050         C2018 06 12.32514 10 34 35.623+62 13 22.62         20.5 wU~2fwaF51
H4050         C2018 06 12.33789 10 34 39.556+62 13 15.13         20.1 wU~2fwaF51
H4050         C2018 06 26.27078 11 44 07.272+58 51 19.30         20.0 iU~2gkHF51
H4050         C2018 06 26.28308 11 44 10.724+58 51 04.99         19.8 iU~2gkHF51
H4050         C2018 06 26.29540 11 44 14.132+58 50 50.06         20.1 iU~2gkHF51
H4050         C2018 07 01.16928 12 06 45.87 +57 07 42.2          20.1 GU~2hLlG96
H4050         C2018 07 01.17508 12 06 47.47 +57 07 33.6          19.8 GU~2hLlG96
H4050         C2018 07 01.18086 12 06 49.01 +57 07 25.6                U~2hLlG96
H4050         C2018 07 01.18663 12 06 50.61 +57 07 17.1                U~2hLlG96
H4050         C2021 01 09.46716509 50 04.08 -43 17 36.2          18.15cV~4Wz6T08
H4050         C2021 01 09.47040609 50 03.94 -43 17 29.7          18.03cV~4Wz6T08
H4050         C2021 01 09.48658209 50 03.31 -43 16 55.8          18.04cV~4Wz6T08
H4050         C2021 01 09.49304109 50 03.06 -43 16 42.0          18.04cV~4Wz6T08
H4050         C2021 01 13.49092909 47 32.45 -40 27 22.4          17.75cV~4Wz6T08
H4050         C2021 01 13.49599409 47 32.12 -40 27 07.2          17.69cV~4Wz6T08
H4050         C2021 01 13.50244409 47 31.77 -40 26 48.1          17.62cV~4Wz6T08
H4050         C2021 01 15.49500009 45 46.14 -38 36 43.1          17.48cV~4Wz6T05
H4050         C2021 01 15.49682909 45 46.02 -38 36 36.6          17.56cV~4Wz6T05
H4050         C2021 01 15.50498009 45 45.43 -38 36 07.0          17.51cV~4Wz6T05
H4050         C2021 01 15.51046709 45 45.06 -38 35 47.0          17.65cV~4Wz6T05
H4050         C2021 01 17.47459509 43 39.02 -36 25 10.2          17.23cV~4Wz6T08
H4050         C2021 01 17.47737509 43 38.79 -36 24 57.9          17.18cV~4Wz6T08
H4050         C2021 01 17.49928209 43 36.94 -36 23 22.2          17.38cV~4Wz6T08
H4050         C2021 01 17.52776109 43 34.51 -36 21 17.3          17.26cV~4Wz6T08
H4050         C2021 01 17.56055609 43 31.74 -36 18 52.2          17.27cV~4Wz6T08
H4050         C2021 01 18.58992 09 42 17.07 -34 58 59.1          16.9  q~4YdMQ68
H4050         C2021 01 18.59145 09 42 16.92 -34 58 51.7          16.8  q~4YdMQ68
H4050         C2021 01 18.59298 09 42 16.84 -34 58 44.9          16.9  q~4YdMQ68
H4050         C2021 01 18.59452 09 42 16.70 -34 58 37.3          16.3  q~4YdMQ68
H4050         C2021 01 18.62823 09 42 13.63 -34 55 52.5          16.6  q~4YdMQ68
H4050         C2021 01 18.62976 09 42 13.49 -34 55 46.0          16.4  q~4YdMQ68
H4050         C2021 01 18.63130 09 42 13.37 -34 55 38.5          16.4  q~4YdMQ68
H4050         C2021 01 18.63284 09 42 13.25 -34 55 31.0          16.4  q~4YdMQ68
H4050         C2021 01 21.58907109 37 52.30 -30 16 13.9          17.01cV~4YdMT08
H4050         C2021 01 21.59279109 37 51.86 -30 15 49.6          16.73cV~4YdMT08
H4050         C2021 01 21.59833509 37 51.25 -30 15 12.7          16.99cV~4YdMT08
H4050         C2021 01 21.60941309 37 50.04 -30 13 59.3          16.82cV~4YdMT08
H4050         C2021 01 23.04592 09 35 24.43 -27 24 26.7          16.5 Rq~4YdMY00
H4050         C2021 01 23.04695 09 35 24.28 -27 24 17.9          16.4 Rq~4YdMY00
H4050         C2021 01 23.04815 09 35 24.05 -27 24 09.5          16.5 Rq~4YdMY00
H4050         C2021 01 25.15784 09 31 13.06 -22 26 27.6          15.9 Rq~4YdMY00
H4050         C2021 01 25.15884 09 31 13.03 -22 26 17.0          16.3 Rq~4YdMY00
H4050         C2021 01 25.15985 09 31 12.79 -22 26 06.8          16.2 Rq~4YdMY00
H4050        KC2021 01 31.03407409 15 55.79 -01 57 18.5          14.8 GV~4dlMZ80
H4050        KC2021 01 31.03754609 15 55.08 -01 56 23.3          14.9 GV~4dlMZ80
H4050        KC2021 01 31.04101909 15 54.37 -01 55 28.7          14.9 GV~4dlMZ80
H4050        KC2021 01 31.04449509 15 53.69 -01 54 33.3          14.9 GV~4dlMZ80
H4050         C2021 02 01.30071709 11 48.77 +03 51 11.1          14.59GV~4dlM703
H4050         C2021 02 01.30607409 11 47.57 +03 52 42.8          14.59GV~4dlM703
H4050         C2021 02 01.31142909 11 46.40 +03 54 14.2          14.59GV~4dlM703
H4050         C2021 02 01.31678509 11 45.13 +03 55 44.4          14.51GV~4dlM703
H4050         C2021 02 01.48080709 11 10.85 +04 42 51.6          14.26oV~4dlMT05
H4050         C2021 02 01.48358009 11 10.22 +04 43 39.4          14.24oV~4dlMT05
H4050         C2021 02 01.48968609 11 08.84 +04 45 24.7          14.26oV~4dlMT05
H4050         C2021 02 01.49979209 11 06.56 +04 48 18.9          14.25oV~4dlMT05
H4050        KC2021 02 03.15396809 05 10.65 +12 58 56.5          14.2 GV~4dlMW33
H4050        KC2021 02 03.15883309 05 09.46 +13 00 25.2          14.2 GV~4dlMW33
H4050        KC2021 02 03.16371509 05 08.27 +13 01 54.3          14.1 GV~4dlNW33
H4050         C2021 02 03.62828 09 03 20.51 +15 23 38.3          14.0 Rq~4dlND29
H4050         C2021 02 03.63977 09 03 17.59 +15 27 09.7          14.0 Rq~4dlND29
H4050         C2021 02 03.65126 09 03 14.68 +15 30 40.6          14.0 Rq~4dlND29
H4050        KC2021 02 03.98912009 01 54.30 +17 13 55.9          14.0 GV~4dlNZ80
H4050        KC2021 02 03.99143509 01 53.72 +17 14 38.3          14.0 GV~4dlNZ80
H4050        KC2021 02 03.99340309 01 53.21 +17 15 14.6          14.0 GV~4dlNZ80
H4050         C2021 02 04.84124 08 58 26.39 +21 35 07.8          14.1 Ro~4dlNK88
H4050         C2021 02 04.84195 08 58 26.21 +21 35 20.8          14.1 Ro~4dlNK88
H4050         C2021 02 04.84270 08 58 26.01 +21 35 34.6          14.1 Ro~4dlNK88
H4050         C2021 02 05.23494 08 56 45.97 +23 35 21.6          14.3 GV~4dlN703
H4050         C2021 02 05.24023 08 56 44.49 +23 36 58.7          14.3 GV~4dlN703
H4050         C2021 02 05.24552 08 56 43.03 +23 38 34.6          14.2 GV~4dlN703
H4050         C2021 02 05.25081 08 56 41.55 +23 40 11.5          14.3 GV~4dlN703
H4050         C2021 02 05.26448708 56 37.76 +23 44 21.0          14.43GV~4dlNG96
H4050         C2021 02 05.27570508 56 34.63 +23 47 45.6          14.41GV~4dlNG96
H4050         C2021 02 05.28131808 56 33.06 +23 49 27.9          14.40GV~4dlNG96
H4050        KC2021 02 06.27995408 52 07.87 +28 48 37.2          14.8 Vq~4dlNU76
H4050        KC2021 02 06.28934808 52 05.11 +28 51 23.3          14.8 Vq~4dlNU76
H4050        KC2021 02 06.29931808 52 02.19 +28 54 19.5          14.7 Vq~4dlNU76
H4050         C2021 02 06.73596 08 50 03.04 +31 01 54.1          15.5 GV~4dlNM44
H4050         C2021 02 06.74926 08 49 58.99 +31 05 45.7          15.4 GV~4dlNM44
H4050         C2021 02 06.76256 08 49 54.94 +31 09 37.2          15.5 GV~4dlNM44
H4050        KC2021 02 06.88851608 49 18.97 +31 45 39.1          14.6 GV~4dlNL74
H4050        KC2021 02 06.89162208 49 18.04 +31 46 33.0          14.5 GV~4dlNL74
H4050        KC2021 02 06.89477908 49 17.05 +31 47 27.4          14.6 GV~4dlNL74
H4050        KC2021 02 07.15990508 48 02.80 +33 02 51.2          14.7 GV~4dlNU55
H4050        KC2021 02 07.16434008 48 01.48 +33 04 06.9          14.7 GV~4dlNU55
H4050        KC2021 02 07.16881708 48 00.16 +33 05 23.5          14.7 GV~4dlNU55
H4050         C2021 02 07.31558 08 47 17.849+33 47 19.01         16.3 wU~4dlNF51
H4050         C2021 02 07.32725 08 47 14.245+33 50 36.38         16.2 wU~4dlNF51
H4050         C2021 02 07.33891 08 47 10.588+33 53 55.08         16.4 wU~4oggF51
H4050         C2021 02 07.35068 08 47 06.931+33 57 13.21         16.4 wU~4dlNF51
H4050         C2021 02 07.70887 08 45 23.01 +35 36 30.1          15.6 GV~4dlNM44
H4050         C2021 02 07.77267 08 45 02.74 +35 54 09.6          15.6 GV~4dlNM44
H4050         C2021 02 08.27095208 42 31.73 +38 08 19.6          15.02GV~4dlN703
H4050         C2021 02 08.27719308 42 29.68 +38 09 59.0          15.03GV~4dlN703
H4050         C2021 02 08.28307808 42 27.74 +38 11 32.6          14.95GV~4dlN703
H4050         C2021 02 08.28871708 42 25.89 +38 13 02.2          15.01GV~4dlN703
H4050         C2021 02 09.41178408 36 32.34 +42 58 55.4          15.28cV~4dlNT08
H4050         C2021 02 09.41594208 36 30.88 +42 59 56.1          15.33cV~4dlNT08
H4050         C2021 02 09.42193408 36 28.78 +43 01 23.4          15.27cV~4dlNT08
H4050         C2021 02 09.43486408 36 24.24 +43 04 31.9          15.28cV~4dlNT08
H4050        KC2021 02 10.14859308 32 31.87 +45 52 29.9          15.4 Vq~4dlNU55
H4050        KC2021 02 10.15205708 32 30.67 +45 53 17.7          15.4 Vq~4dlNU55
H4050        KC2021 02 10.15553708 32 29.46 +45 54 06.1          15.4 Vq~4dlNU55
H4050        1C2021 02 10.85611 08 28 25.41 +48 29 47.0          15.6 GV~4dlN186
H4050        1C2021 02 10.85994 08 28 24.00 +48 30 35.9          15.6 GV~4dlN186
H4050        1C2021 02 10.95519 08 27 49.27 +48 50 46.2          15.5 GV~4dlN186
H4050        1C2021 02 10.95590 08 27 49.01 +48 50 55.7          15.4 GV~4dlN186
H4050         C2021 02 11.42197308 25 06.57 +50 28 28.2          15.70cV~4dlNT05
H4050         C2021 02 11.42611008 25 04.97 +50 29 18.5          15.81cV~4dlNT05
H4050         C2021 02 11.46097308 24 51.54 +50 36 21.3          15.71cV~4dlNT05
H4050         C2021 02 11.48597908 24 41.95 +50 41 22.9          15.69cV~4dlNT05
H4050        1C2021 02 11.70720 08 23 26.10 +51 25 30.8          15.6 GV~4dlN186
H4050        1C2021 02 11.71436 08 23 23.33 +51 26 56.3          15.5 GV~4dlN186
H4050        KC2021 02 11.82210 08 22 45.07 +51 47 52.8          16.1 GV~4dlNZ52
H4050        KC2021 02 11.86248 08 22 29.76 +51 55 50.1          16.0 GV~4dlNZ52
H4050        1C2021 02 12.04219 08 21 18.44 +52 30 17.2          15.7 GV~4dlN186
H4050        1C2021 02 12.04863 08 21 16.06 +52 31 30.8          15.8 GV~4dlN186
H4050         C2021 02 12.25657208 20 02.93 +53 11 32.5          15.87GV~4dlNG96
H4050         C2021 02 12.26182208 20 00.84 +53 12 31.5          15.77GV~4dlNG96
H4050         C2021 02 12.26707108 19 58.76 +53 13 30.5          15.71GV~4dlNG96
H4050         C2021 02 12.27231608 19 56.66 +53 14 29.4          15.72GV~4dlNG96
H4050         C2021 02 12.74318 08 17 02.59 +54 40 11.7                Y~4lRY557
H4050         C2021 02 12.76441 08 16 54.27 +54 44 01.1                Y~4lRY557
H4050         C2021 02 12.78564 08 16 45.92 +54 47 49.6                Y~4lRY557
H4050        KC2021 02 12.78681808 16 45.67 +54 47 59.6          16.0 GV~4dlNG33
H4050        KC2021 02 12.78798808 16 45.23 +54 48 12.2          15.9 GV~4dlNG33
H4050        KC2021 02 12.78907008 16 44.78 +54 48 23.8          15.9 GV~4dlNG33
H4050        KC2021 02 12.79032808 16 44.30 +54 48 37.5          15.9 GV~4dlNG33
H4050        KC2021 02 12.79149808 16 43.84 +54 48 50.0          16.0 GV~4dlNG33
H4050        KC2021 02 12.79266708 16 43.40 +54 49 02.7          15.9 GV~4dlNG33
H4050        KC2021 02 12.80373 08 16 38.81 +54 51 00.8          15.9 GV~4hJYL65
H4050         C2021 02 12.80590 08 16 37.88 +54 51 27.2                Y~4lRY557
H4050        KC2021 02 12.81257 08 16 35.32 +54 52 35.4          15.8 GV~4hJYL65
H4050        KC2021 02 12.82074 08 16 32.10 +54 54 03.2          15.9 GV~4hJYL65
H4050         C2021 02 12.82637 08 16 29.73 +54 55 06.3                Y~4lRY557
H4050         C2021 02 12.88936 08 16 04.44 +55 06 15.8                Y~4lRY557
H4050         C2021 02 13.42081308 12 37.00 +56 37 28.5          16.07cV~4dlNT08
H4050         C2021 02 13.42449608 12 35.46 +56 38 04.9          16.07cV~4dlNT08
H4050         C2021 02 13.43094908 12 32.74 +56 39 08.8          16.08cV~4dlNT08
H4050         C2021 02 13.44479808 12 26.92 +56 41 25.7          16.07cV~4dlNT08
H4050        KC2021 02 13.75512508 10 29.25 +57 31 35.2          16.1 GV~4dlNG33
H4050        KC2021 02 13.75629508 10 28.81 +57 31 47.0          16.0 GV~4dlNG33
H4050        KC2021 02 13.75751008 10 28.29 +57 31 58.9          16.0 GV~4dlNG33
H4050        KC2021 02 13.75857608 10 27.84 +57 32 09.2          16.1 GV~4dlNG33
H4050        KC2021 02 13.75982408 10 27.33 +57 32 21.3          16.1 GV~4dlNG33
H4050         C2021 02 13.79589 08 10 12.28 +57 38 14.6                Y~4lRY557
H4050         C2021 02 13.81560 08 10 04.10 +57 41 25.1                Y~4lRY557
H4050         C2021 02 13.83608 08 09 55.57 +57 44 41.8                Y~4lRY557
H4050         C2021 02 13.84475 08 09 52.37 +57 46 03.3                V~4dlNK85
H4050         C2021 02 13.85655 08 09 47.01 +57 47 57.9                Y~4lRY557
H4050         C2021 02 13.87536 08 09 39.58 +57 50 56.4                V~4dlNK85
H4050         C2021 02 13.87701 08 09 38.44 +57 51 13.2                Y~4lRY557
H4050         C2021 02 13.98954 08 08 51.95 +58 09 02.6          16.1 GV~4dlNJ27
H4050         C2021 02 13.99159 08 08 51.09 +58 09 21.9          16.1 GV~4dlNJ27
H4050         C2021 02 13.99415 08 08 50.01 +58 09 45.8          16.2 GV~4dlNJ27
H4050        KC2021 02 14.64266 08 04 31.10 +59 47 46.9          16.2 GV~4dlNM46
H4050        KC2021 02 14.64652 08 04 29.37 +59 48 21.8          15.9 GV~4dlNM46
H4050        KC2021 02 14.65072 08 04 27.56 +59 48 58.9          16.0 GV~4dlNM46
H4050        KC2021 02 14.65492 08 04 25.74 +59 49 36.0          16.5 GV~4dlNM46
H4050        KC2021 02 14.65912 08 04 23.94 +59 50 13.7          16.1 GV~4dlNM46
H4050        KC2021 02 14.66403 08 04 21.80 +59 50 56.7          16.0 GV~4dlNM46
H4050        KC2021 02 14.66753 08 04 20.28 +59 51 27.9          16.0 GV~4dlNM46
H4050        KC2021 02 14.67139 08 04 18.64 +59 52 02.1          16.0 GV~4dlNM46
H4050        KC2021 02 14.67595 08 04 16.58 +59 52 42.2          16.0 GV~4dlNM46
H4050        KC2021 02 14.68015 08 04 14.78 +59 53 19.6          16.3 GV~4dlNM46
H4050        KC2021 02 14.68435 08 04 12.95 +59 53 56.5          16.1 GV~4dlNM46
H4050        KC2021 02 14.68855 08 04 11.17 +59 54 33.2          16.3 GV~4dlNM46
H4050        KC2021 02 14.69275 08 04 09.30 +59 55 10.6          16.2 GV~4dlNM46
H4050        KC2021 02 14.69697 08 04 07.44 +59 55 47.9          16.0 GV~4dlNM46
H4050        KC2021 02 14.70117 08 04 05.59 +59 56 25.0          16.2 GV~4dlNM46
H4050        KC2021 02 14.70537 08 04 03.73 +59 57 01.6          16.7 GV~4dlNM46
H4050        KC2021 02 14.70957 08 04 01.87 +59 57 38.7          16.1 GV~4dlNM46
H4050        KC2021 02 14.71377 08 04 00.07 +59 58 14.8          15.9 GV~4dlNM46
H4050        KC2021 02 14.71763 08 03 58.39 +59 58 48.6          15.8 GV~4dlNM46
H4050         C2021 02 14.73990 08 03 50.11 +60 01 40.1                Y~4lRY557
H4050         C2021 02 14.78221 08 03 32.02 +60 07 49.7                Y~4lRY557
H4050         C2021 02 14.80229 08 03 23.35 +60 10 44.6                Y~4lRY557
H4050         C2021 02 14.82275 08 03 14.48 +60 13 41.8                Y~4lRY557
H4050         C2021 02 14.84385 08 03 05.31 +60 16 43.7                Y~4lRY557
H4050         C2021 02 14.86383 08 02 56.61 +60 19 35.6                Y~4lRY557
H4050         C2021 02 14.88506 08 02 47.32 +60 22 36.9                Y~4lRY557
H4050         C2021 02 14.89099708 02 44.81 +60 23 27.2          15.9 GV~4dlNG34
H4050         C2021 02 14.89297708 02 43.96 +60 23 43.4          15.9 GV~4dlNG34
H4050         C2021 02 14.89495808 02 43.09 +60 24 00.5          16.2 GV~4dlNG34
H4050         C2021 02 14.89680708 02 42.28 +60 24 16.5          15.8 GV~4dlNG34
H4050         C2021 02 14.89918408 02 41.18 +60 24 37.0          15.3 GV~4dlNG34
H4050        KC2021 02 15.73549 07 56 48.96 +62 18 17.5          16.4 GV~4dlNM46
H4050        KC2021 02 15.74946 07 56 42.60 +62 20 05.0          16.6 GV~4dlNM46
H4050        KC2021 02 15.76343 07 56 36.20 +62 21 54.6          16.4 GV~4dlNM46
H4050        KC2021 02 15.77251 07 56 32.00 +62 23 04.3          16.4 GV~4dlNM46
H4050        KC2021 02 15.86343007 55 53.38 +62 34 36.2          16.2 GV~4dlNL74
H4050        KC2021 02 15.86816607 55 51.23 +62 35 12.5          16.2 GV~4dlNL74
H4050        KC2021 02 15.87290207 55 49.03 +62 35 48.8          16.3 GV~4dlNL74
H4050         C2021 02 16.26251807 52 58.50 +63 24 32.5          16.44GV~4dlN703
H4050         C2021 02 16.26792807 52 56.01 +63 25 11.9          16.33GV~4dlN703
H4050         C2021 02 16.27872407 52 50.96 +63 26 30.6          16.41GV~4dlN703
H4050         C2021 02 16.83609107 48 46.28 +64 32 18.2          16.5 GV~4dlNL18
H4050         C2021 02 16.83632507 48 46.18 +64 32 20.0          16.4 GV~4dlNL18
H4050         C2021 02 16.83655707 48 46.10 +64 32 21.6          16.4 GV~4dlNL18
H4050         C2021 02 16.83678807 48 45.97 +64 32 23.2          16.5 GV~4dlNL18
H4050         C2021 02 16.83702007 48 45.85 +64 32 24.6          16.6 GV~4dlNL18
H4050         C2021 02 16.83725107 48 45.82 +64 32 26.4          16.2 GV~4dlNL18
H4050         C2021 02 16.83748307 48 45.66 +64 32 28.2          16.4 GV~4dlNL18
H4050         C2021 02 16.83794607 48 45.52 +64 32 30.7          16.3 GV~4dlNL18
H4050         C2021 02 16.83864007 48 45.19 +64 32 36.8          16.4 GV~4dlNL18
H4050         C2021 02 16.83887207 48 45.11 +64 32 38.8          16.5 GV~4dlNL18
H4050         C2021 02 16.83910307 48 44.95 +64 32 39.1          16.3 GV~4dlNL18
H4050         C2021 02 16.83933407 48 44.94 +64 32 41.8          16.5 GV~4dlNL18
H4050         C2021 02 17.05781 07 47 09.16 +64 57 30.2          16.5 GV~4dlNW46
H4050         C2021 02 17.07701 07 46 59.89 +64 59 40.8          16.3 GV~4dlNW46
H4050         C2021 02 17.09884 07 46 49.51 +65 02 07.6          16.4 GV~4dlNW46
H4050         C2021 02 17.70225 07 42 15.92 +66 07 13.9          16.6 Vq~4dlNC97
H4050         C2021 02 17.70262 07 42 15.77 +66 07 16.4          16.9 Vq~4dlNC97
H4050         C2021 02 17.70299 07 42 15.57 +66 07 18.5          16.7 Vq~4dlNC97
H4050         C2021 02 17.70337 07 42 15.39 +66 07 20.8          16.5 Vq~4dlNC97
H4050         C2021 02 17.70374 07 42 15.20 +66 07 23.3          16.7 Vq~4dlNC97
H4050         C2021 02 17.70412 07 42 15.04 +66 07 25.7          16.7 Vq~4dlNC97
H4050         C2021 02 18.95219607 32 28.37 +68 08 29.9          16.8 GV~4dlNL18
H4050         C2021 02 18.95246207 32 28.23 +68 08 31.0          16.9 GV~4dlNL18
H4050         C2021 02 18.95272807 32 28.12 +68 08 32.3          17.3 GV~4dlNL18
H4050         C2021 02 18.95299407 32 28.01 +68 08 34.2          16.7 GV~4dlNL18
H4050         C2021 02 18.95326007 32 27.82 +68 08 35.5          16.7 GV~4dlNL18
H4050         C2021 02 18.95352707 32 27.71 +68 08 37.1          16.7 GV~4dlNL18
H4050         C2021 02 18.95379307 32 27.61 +68 08 38.6          16.7 GV~4dlNL18
H4050         C2021 02 18.95405907 32 27.42 +68 08 39.8          16.8 GV~4dlNL18
H4050         C2021 02 18.95432507 32 27.31 +68 08 41.4          16.5 GV~4dlNL18
H4050         C2021 02 18.95459107 32 27.20 +68 08 42.7          16.4 GV~4dlNL18
H4050         C2021 02 18.95485807 32 27.03 +68 08 43.9          16.5 GV~4dlNL18
H4050         C2021 02 18.95512507 32 26.97 +68 08 45.7          16.7 GV~4dlNL18
H4050         C2021 02 18.95539007 32 26.78 +68 08 47.0          16.6 GV~4dlNL18
H4050         C2021 02 19.26427 07 30 01.23 +68 36 31.2          16.7 Rq~4dlNU71
H4050         C2021 02 19.27990 07 29 53.26 +68 37 51.8          16.8 Rq~4dlNU71
H4050         C2021 02 19.29295 07 29 46.66 +68 38 59.5          16.9 Rq~4dlNU71
H4050         C2021 02 20.18417307 22 37.84 +69 53 04.5          17.02GV~4dlN703
H4050         C2021 02 20.18960107 22 35.07 +69 53 30.4          17.08GV~4dlN703
H4050         C2021 02 20.19507807 22 32.24 +69 53 56.4          16.86GV~4dlN703
H4050         C2021 02 20.20061607 22 29.35 +69 54 22.8          17.14GV~4dlN703
H4050         C2021 02 22.66067 07 02 01.46 +72 44 12.0          17.4 Vq~4dlNC97
H4050         C2021 02 22.66116 07 02 01.34 +72 44 14.0          17.6 Vq~4dlNC97
H4050         C2021 02 22.66165 07 02 01.02 +72 44 15.6          17.7 Vq~4dlNC97
H4050         C2021 02 22.66214 07 02 00.74 +72 44 17.4          17.7 Vq~4dlNC97
H4050         C2021 02 22.66263 07 02 00.43 +72 44 19.2          17.1 Vq~4dlNC97
H4050         C2021 02 22.66313 07 02 00.18 +72 44 21.1          17.6 Vq~4dlNC97
H4050         C2021 02 23.17762006 57 36.42 +73 14 19.8          17.89gU~4dlNI41
H4050         C2021 02 23.17859006 57 35.87 +73 14 23.0          17.90gU~4dlNI41
H4050         C2021 02 23.25931906 56 51.93 +73 18 54.4          17.12rU~4dlNI41
H4050         C2021 02 23.26025006 56 51.42 +73 18 57.5          17.16rU~4dlNI41
H4050         C2021 02 24.33642806 47 38.692+74 16 04.69         17.26iU~4dlNF51
H4050         C2021 02 24.36099406 47 25.158+74 17 16.83         17.33iU~4dlNF51
H4050         C2021 02 24.37328106 47 18.409+74 17 52.53         17.31iU~4dlNF51
H4050        KC2021 02 24.85844 06 43 09.85 +74 41 17.3          17.4 GV~4dlNL63
H4050        KC2021 02 24.87093 06 43 03.15 +74 41 52.0          17.7 GV~4dlNL63
H4050        KC2021 02 24.88355 06 42 56.31 +74 42 27.8          17.7 GV~4dlNL63
H4050         C2021 02 25.31462806 39 13.96 +75 02 24.3          17.34oV~4dlNT08
H4050         C2021 02 25.31786206 39 12.12 +75 02 32.7          17.19oV~4dlNT08
H4050         C2021 02 25.32570506 39 07.79 +75 02 53.2          17.18oV~4dlNT08
H4050         C2021 02 25.33585306 39 02.15 +75 03 20.5          17.21oV~4dlNT08
H4050        KC2021 02 25.95427106 33 42.12 +75 29 53.1          17.7 GV~4dlNZ80
H4050        KC2021 02 25.95774306 33 40.26 +75 30 01.8          17.5 GV~4dlNZ80
H4050        KC2021 02 25.96121506 33 38.38 +75 30 10.7          17.5 GV~4dlNZ80
H4050         C2021 02 27.28903806 22 16.45 +76 22 07.2          17.47oV~4dlNT05
H4050         C2021 02 27.29223706 22 14.66 +76 22 14.0          17.51oV~4dlNT05
H4050         C2021 02 27.29871906 22 11.09 +76 22 27.8          17.45oV~4dlNT05
H4050         S2021 02 28.15023 06 14 58.46 +76 51 36.2          19   RL~4dlNC51
H4050         s2021 02 28.15023 1 +  663.5266 + 1600.4052 + 6621.6831   ~4dlNC51
H4050         S2021 02 28.41166 06 12 45.71 +77 00 07.7                L~4dlNC51
H4050         s2021 02 28.41166 1 +  648.6368 + 1650.4404 + 6610.8730   ~4dlNC51
H4050         S2021 02 28.41178 06 12 45.70 +77 00 07.9                L~4dlNC51
H4050         s2021 02 28.41178 1 +  661.8123 + 1569.5764 + 6629.1785   ~4dlNC51
H4050         S2021 02 28.47711 06 12 12.62 +77 02 13.2                L~4dlNC51
H4050         s2021 02 28.47711 1 +  654.7987 + 1602.4029 + 6622.0332   ~4dlNC51
H4050         S2021 02 28.54243 06 11 39.57 +77 04 18.1                L~4dlNC51
H4050         s2021 02 28.54243 1 +  647.6978 + 1635.1744 + 6614.7315   ~4dlNC51
H4050         S2021 02 28.67321 06 10 33.47 +77 08 25.4                L~4dlNC51
H4050         s2021 02 28.67321 1 +  647.1358 + 1617.7162 + 6619.0904   ~4dlNC51
H4050         S2021 02 28.73866 06 10 00.60 +77 10 26.9                L~4dlNC51
H4050         s2021 02 28.73866 1 +  653.5287 + 1569.6348 + 6629.9839   ~4dlNC51
H4050         S2021 02 28.80398 06 09 27.52 +77 12 29.2                L~4dlNC51
H4050         s2021 02 28.80398 1 +  646.3464 + 1602.3773 + 6622.8679   ~4dlNC51
H4050         S2021 03 01.00009 06 07 48.85 +77 18 27.9                L~4dlNC51
H4050         s2021 03 01.00009 1 +  638.3007 + 1619.7700 + 6619.4037   ~4dlNC51
H4050         S2021 03 01.00021 06 07 48.83 +77 18 27.6                L~4dlNC51
H4050         s2021 03 01.00021 1 +  652.2416 + 1538.9617 + 6637.2408   ~4dlNC51
H4050         C2021 03 05.27748205 33 32.28 +79 03 10.0          18.44cV~4dlNT08
H4050         C2021 03 05.28172505 33 29.94 +79 03 14.8          18.20cV~4dlNT08
H4050         C2021 03 05.28687105 33 27.50 +79 03 19.5          18.45cV~4dlNT08
H4050         C2021 03 05.29149405 33 25.34 +79 03 25.4          18.34cV~4dlNT08
H4050         C2021 03 05.29520805 33 23.35 +79 03 30.1          18.22cV~4dlNT08
H4050         C2021 03 05.30044105 33 20.95 +79 03 35.4          18.47cV~4dlNT08
H4050         C2021 03 05.31109605 33 15.72 +79 03 47.3          18.39cV~4dlNT08
H4050         C2021 03 11.25573604 53 20.65 +80 33 53.5          18.78cV~4g8OT05
H4050         C2021 03 11.25894104 53 19.05 +80 33 55.8          18.64cV~4g8OT05
H4050         C2021 03 11.26491604 53 17.25 +80 33 59.9          18.42cV~4g8OT05
H4050         C2021 03 11.27642104 53 12.50 +80 34 07.0          18.57cV~4g8OT05
H4050         C2021 03 11.30772004 53 00.75 +80 34 26.9          18.68cV~4g8OT05
H4050         C2021 03 11.31141704 52 59.25 +80 34 29.5          18.92cV~4g8OT05
H4050         C2021 03 11.31832504 52 56.31 +80 34 33.5          19.11cV~4g8OT05
H4050         C2021 03 11.32935904 52 53.02 +80 34 40.1          18.71cV~4g8OT05
H4050         C2021 03 19.23307004 16 00.56 +81 50 59.3          18.63oV~4hJYT05
H4050         C2021 03 19.23718804 16 00.10 +81 51 01.1          18.37oV~4hJYT05
H4050         C2021 03 19.24499404 15 57.74 +81 51 04.4          18.65oV~4hJYT05
H4050         C2021 03 19.25512304 15 55.02 +81 51 08.7          18.81oV~4hJYT05
H4050         C2021 05 22.39991713 41 16.889+84 22 40.70         19.65iU~4px5F51
H4050         C2021 05 22.41223813 41 19.635+84 22 25.59         19.51iU~4px5F51
H4050         C2021 05 22.42456413 41 22.373+84 22 10.52         19.44iU~4px5F51
H4050         C2021 05 22.43685013 41 25.102+84 21 55.34         19.70iU~4px5F51
H4050         C2021 05 23.39419313 45 16.363+84 02 30.98         19.56iU~4px5F51
H4050         C2021 05 23.40589113 45 18.704+84 02 16.48         19.66iU~4px5F51
H4050         C2021 05 23.41761513 45 21.000+84 02 01.87         19.77iU~4px5F51
H4050         C2021 05 23.42930913 45 23.456+84 01 46.97         19.71iU~4px5F51
H4050         C2021 05 31.46468614 09 20.934+81 03 14.28         19.60iU~4px5F51
H4050         C2021 05 31.48672014 09 23.750+81 02 41.55         19.77iU~4px5F51
H4050         C2021 05 31.49780914 09 25.159+81 02 25.29         19.78iU~4px5F51
H4050         C2021 06 01.52139214 11 47.368+80 37 36.69         19.56iUEL015F51
H4050         C2021 06 01.53110214 11 48.607+80 37 21.92         19.44iUEL015F51
H4050         C2021 06 01.54080814 11 49.814+80 37 07.22         19.58iUEL015F51
H4050         C2021 06 01.55052714 11 51.129+80 36 52.60         19.57iUEL015F51
