j0263K03WF8D* C2003 11 30.32367 05 50 03.67 +08 51 11.6          19.3  cj2891704
j0263K03WF8D  C2003 11 30.33678 05 50 02.40 +08 51 19.0          19.9  cj2891704
j0263K03WF8D  C2003 11 30.34984 05 50 01.09 +08 51 27.4          20.2  cj2891704
j0263K03WF8D  C2003 11 30.37590 05 49 58.66 +08 51 43.4          19.9  cj2891704
j0263K03WF8D  C2003 12 01.28363 05 48 33.20 +09 01 33.2          19.9 Rcj2891854
j0263K03WF8D  C2003 12 01.29023 05 48 32.47 +09 01 37.6          20.1 Rcj2891854
j0263K03WF8D  C2003 12 01.32114 05 48 29.08 +09 01 56.3          20.1 Rrj2891649
j0263K03WF8D  C2003 12 01.32470 05 48 28.74 +09 01 59.5          19.9 Rrj2891649
j0263K03WF8D  C2003 12 01.32825 05 48 28.36 +09 02 01.2          19.8 Rrj2891649
j0263K03WF8D IC2003 12 01.43103 05 48 17.95 +09 03 12.3                cj2891711
j0263K03WF8D IC2003 12 01.43870 05 48 17.15 +09 03 18.3                cj2891711
j0263K03WF8D  C2003 12 01.44655 05 48 16.35 +09 03 22.8                cj2891711
j0263K03WF8D  C2003 12 02.40405 05 46 40.70 +09 14 25.0          20.7 Rcj2891926
j0263K03WF8D  C2003 12 02.40595 05 46 40.45 +09 14 26.3          20.1 Rcj2891926
j0263K03WF8D 3C2003 12 04.95610 05 42 03.45 +09 46 52.9                cj2891950
j0263K03WF8D 3C2003 12 04.95716 05 42 03.28 +09 46 54.4                cj2891950
j0263K03WF8D 3C2003 12 04.95823 05 42 03.17 +09 46 55.4                cj2891950
j0263K03WF8D  C2003 12 05.32178 05 41 20.13 +09 51 54.7          19.4 Rrj2891448
j0263K03WF8D  C2003 12 05.32923 05 41 19.22 +09 52 00.9          19.4 Rrj2891448
j0263K03WF8D  C2003 12 05.33634 05 41 18.31 +09 52 06.8          19.4 Rrj2891448
j0263K03WF8D  C2003 12 06.01073 05 39 58.02 +10 01 36.8          18.9 Rrj3463176
j0263K03WF8D  C2003 12 06.01309 05 39 57.73 +10 01 38.6          18.8 Rrj3463176
j0263K03WF8D  C2003 12 06.01545 05 39 57.44 +10 01 40.4          19.0 Rrj3463176
j0263K03WF8D  C2003 12 06.01781 05 39 57.15 +10 01 42.2          19.1 Rrj3463176
j0263K03WF8D  C2003 12 06.02018 05 39 56.86 +10 01 44.0          19.1 Rrj3463176
j0263K03WF8D  C2003 12 13.00847 05 23 45.19 +12 00 15.7          18.1 Rrj3800176
j0263K03WF8D  C2003 12 13.01009 05 23 44.93 +12 00 17.5          18.0 Rrj3800176
j0263K03WF8D  C2003 12 13.01171 05 23 44.67 +12 00 19.3          17.9 Rrj3800176
j0263K03WF8D  C2003 12 13.01334 05 23 44.41 +12 00 21.2          18.0 Rrj3800176
j0263K03WF8D  C2003 12 13.01497 05 23 44.15 +12 00 23.0          18.2 Rrj3800176
j0263K03WF8D  C2003 12 13.01660 05 23 43.89 +12 00 24.8          18.0 Rrj3800176
j0263K03WF8D  C2003 12 13.01823 05 23 43.63 +12 00 26.6          17.9 Rrj3800176
j0263K03WF8D  C2003 12 13.06020 05 23 36.83 +12 01 16.1          18.5 Vrj3800941
j0263K03WF8D  C2003 12 13.06098 05 23 36.70 +12 01 16.9          18.5 Vrj3800941
j0263K03WF8D  C2003 12 13.06177 05 23 36.57 +12 01 17.9          18.6 Vrj3800941
j0263K03WF8D  C2003 12 13.06256 05 23 36.44 +12 01 18.8          18.6 Vrj3800941
j0263K03WF8D  C2003 12 13.06334 05 23 36.31 +12 01 19.8          18.5 Vrj3800941
j0263K03WF8D  C2003 12 14.00490 05 21 06.63 +12 20 08.0          18.1 Vrj3800170
j0263K03WF8D  C2003 12 14.00647 05 21 06.38 +12 20 10.1          18.3 Vrj3800170
j0263K03WF8D  C2003 12 14.00804 05 21 06.09 +12 20 11.9          18.2 Vrj3800170
j0263K03WF8D  C2003 12 15.29654 05 17 34.19 +12 47 05.1          17.9  cj3800644
j0263K03WF8D  C2003 12 15.36110 05 17 22.87 +12 48 27.4          18.0  cj3800644
j0263K03WF8D  C2003 12 15.42434 05 17 11.87 +12 49 48.0          17.9  cj3800644
j0263K03WF8D 2C2003 12 15.65194 05 16 33.616+12 55 02.34         18.0 Rrj4824413
j0263K03WF8D 2C2003 12 15.65378 05 16 33.292+12 55 04.75         18.0 Rrj4824413
j0263K03WF8D 2C2003 12 15.65561 05 16 32.986+12 55 07.09         18.0 Rrj4824413
j0263K03WF8D 2C2003 12 16.61719 05 13 48.237+13 16 12.18         17.9 Rrj4824413
j0263K03WF8D 2C2003 12 16.61891 05 13 47.917+13 16 14.69         17.7 Rrj4824413
j0263K03WF8D  C2003 12 18.86226 05 07 08.14 +14 07 33.7                cj3800246
j0263K03WF8D  C2003 12 18.86426 05 07 07.75 +14 07 35.9                cj3800246
j0263K03WF8D  C2003 12 18.86536 05 07 07.54 +14 07 38.1                cj3800246
j0263K03WF8D  C2003 12 18.86625 05 07 07.39 +14 07 39.5                cj3800246
j0263K03WF8D  C2003 12 18.86759 05 07 07.12 +14 07 41.5                cj3800246
j0263K03WF8D  C2003 12 18.86840 05 07 06.97 +14 07 42.7                cj3800246
j0263K03WF8D  C2003 12 20.26780 05 02 46.20 +14 41 51.2          17.9  cj4824704
j0263K03WF8D  C2003 12 20.28020 05 02 43.77 +14 42 09.2          17.9  cj4824704
j0263K03WF8D  C2003 12 20.29270 05 02 41.30 +14 42 27.7          18.2  cj4824704
j0263K03WF8D  C2003 12 20.30517 05 02 38.87 +14 42 46.2          18.1  cj4824704
j0263K03WF8D  C2003 12 20.31810 05 02 36.34 +14 43 05.7          18.5  cj4824704
j0263K03WF8D  C2003 12 22.20163 04 56 35.43 +15 31 00.7          17.9  cj4825704
j0263K03WF8D  C2003 12 22.21413 04 56 32.87 +15 31 19.9          17.9  cj4825704
j0263K03WF8D  C2003 12 22.22716 04 56 30.19 +15 31 39.9          17.9  cj4825704
j0263K03WF8D  C2003 12 22.23997 04 56 27.61 +15 32 00.4          18.1  cj4825704
j0263K03WF8D  C2003 12 22.25326 04 56 24.88 +15 32 20.6          18.0  cj4825704
j0263K03WF8D  C2003 12 22.88934 04 54 20.16 +15 48 57.6                cj4825587
j0263K03WF8D  C2003 12 22.89115 04 54 19.84 +15 48 59.5                cj4825587
j0263K03WF8D  C2003 12 22.89295 04 54 19.49 +15 49 03.7                cj4825587
j0263K03WF8D  C2003 12 23.78661 04 51 22.67 +16 12 50.8          17.7 R j4825185
j0263K03WF8D  C2003 12 23.78999 04 51 21.95 +16 12 56.2          17.5 R j4825185
j0263K03WF8D  C2003 12 23.79234 04 51 21.48 +16 13 00.3          17.5 R j4825185
j0263K03WF8D  C2003 12 23.79472 04 51 20.97 +16 13 04.2          17.6 R j4825185
j0263K03WF8D  C2003 12 23.79709 04 51 20.50 +16 13 07.6          17.5 R j4825185
j0263K03WF8D  C2003 12 23.79940 04 51 20.04 +16 13 12.0          17.8 R j4825185
j0263K03WF8D  C2003 12 23.80168 04 51 19.53 +16 13 15.4          17.6 R j4825185
j0263K03WF8D  C2003 12 23.91175 04 50 56.82 +16 16 14.2                cj4825046
j0263K03WF8D  C2003 12 23.91333 04 50 56.48 +16 16 16.7                cj4825046
j0263K03WF8D  C2003 12 23.91411 04 50 56.29 +16 16 18.4                cj4825046
j0263K03WF8D  C2003 12 23.91493 04 50 56.12 +16 16 19.5                cj4825046
j0263K03WF8D  C2003 12 23.91572 04 50 56.00 +16 16 21.0                cj4825046
j0263K03WF8D  C2003 12 23.91649 04 50 55.81 +16 16 22.5                cj4825046
j0263K03WF8D  C2003 12 24.21735 04 49 55.74 +16 24 35.8          18.4  cj4825704
j0263K03WF8D  C2003 12 24.23100 04 49 52.89 +16 24 58.6          18.2  cj4825704
j0263K03WF8D  C2003 12 24.24653 04 49 49.68 +16 25 23.9          18.1  cj4825704
j0263K03WF8D  C2003 12 24.25980 04 49 46.87 +16 25 45.4          18.0  cj4825704
j0263K03WF8D  C2003 12 24.87759 04 47 42.56 +16 42 33.2                cj4825246
j0263K03WF8D  C2003 12 24.87846 04 47 42.38 +16 42 34.7                cj4825246
j0263K03WF8D  C2003 12 24.87934 04 47 42.18 +16 42 36.3                cj4825246
j0263K03WF8D  C2003 12 24.88020 04 47 42.00 +16 42 37.8                cj4825246
j0263K03WF8D  C2003 12 24.88101 04 47 41.83 +16 42 39.0                cj4825246
j0263K03WF8D  C2003 12 24.88167 04 47 41.69 +16 42 40.1                cj4825246
j0263K03WF8D  C2003 12 25.89014 04 44 16.65 +17 10 42.4          18.4 Vrj4825941
j0263K03WF8D  C2003 12 25.89094 04 44 16.49 +17 10 43.7          18.4 Vrj4825941
j0263K03WF8D  C2003 12 25.89173 04 44 16.32 +17 10 45.0          18.4 Vrj4825941
j0263K03WF8D  C2003 12 25.89409 04 44 15.82 +17 10 48.9          18.4 Vrj4825941
j0263K03WF8D  C2003 12 25.89517 04 44 15.60 +17 10 50.8          18.4 Vrj4825941
j0263K03WF8D  C2003 12 26.89160 04 40 50.50 +17 38 57.0          19.1 Vrj5852A41
j0263K03WF8D  C2003 12 26.90828 04 40 47.00 +17 39 25.7          18.4 Vrj5852A41
j0263K03WF8D  C2003 12 26.92534 04 40 43.29 +17 39 54.0          18.9 Vrj5852A41
j0263K03WF8D  C2003 12 29.27639 04 32 34.39 +18 48 02.1          18.8 Vcj5852691
j0263K03WF8D  C2003 12 29.31005 04 32 27.09 +18 49 00.9          18.7 Vcj5852691
j0263K03WF8D  C2003 12 29.35544 04 32 17.27 +18 50 20.0          18.7 Vcj5852691
j0263K03WF8D  C2004 01 08.87655 03 56 04.45 +24 10 36.2          18.7 Rrj6386J95
j0263K03WF8D  C2004 01 08.88553 03 56 02.60 +24 10 52.9          18.6 Rrj6386J95
j0263K03WF8D  C2004 01 08.89444 03 56 00.80 +24 11 08.7          18.6 Rrj6386J95
j0263K03WF8D  C2004 01 09.22377 03 54 55.38 +24 21 25.9          18.4 Rcj6387926
j0263K03WF8D  C2004 01 09.22545 03 54 54.98 +24 21 29.1          18.5 Rcj6387926
j0263K03WF8D  C2004 01 09.22716 03 54 54.61 +24 21 32.7          18.4 Rcj6387926
j0263K03WF8D  C2004 01 09.29246 03 54 41.17 +24 23 30.7          19.0 Rrj6387448
j0263K03WF8D  C2004 01 09.29707 03 54 40.22 +24 23 39.7          18.9 Rrj6387448
j0263K03WF8D  C2004 01 09.30148 03 54 39.28 +24 23 46.7          19.2 Rrj6387448
j0263K03WF8D  C2004 01 10.85660 03 49 36.99 +25 11 38.2          18.6 Rcj6641587
j0263K03WF8D  C2004 01 10.85911 03 49 36.58 +25 11 43.3                cj6641587
j0263K03WF8D  C2004 01 10.86161 03 49 36.03 +25 11 47.6          18.4 Rcj6641587
j0263K03WF8D  C2004 01 17.09531 03 30 41.78 +28 21 42.4          17.8  cj7031644
j0263K03WF8D  C2004 01 17.11605 03 30 38.05 +28 22 20.2          17.7  cj7031644
j0263K03WF8D  C2004 01 17.13749 03 30 34.19 +28 22 59.1          17.7  cj7031644
j0263K03WF8D  C2004 01 20.16040 03 22 17.43 +29 53 20.6          18.1  cj7031704
j0263K03WF8D  C2004 01 20.17578 03 22 14.80 +29 53 47.7          18.5  cj7031704
j0263K03WF8D  C2004 01 20.19468 03 22 11.71 +29 54 20.6          18.4  cj7031704
j0263K03WF8D  C2004 02 27.09091 02 15 09.54 +48 09 57.5          20.2 Rrk0098448
j0263K03WF8D  C2004 02 27.10364 02 15 08.12 +48 10 19.5          20.1 Rrk0098448
j0263K03WF8D  C2004 02 27.11788 02 15 06.53 +48 10 43.2          20.9 Rrk0098448
j0263K03WF8D  C2004 05 04.45122 22 27 54.54 +28 18 32.4                ck6742926
j0263K03WF8D  C2004 05 04.45272 22 27 54.69 +28 18 26.4          20.1 Rck6742926
j0263K03WF8D  C2004 06 02.43141 22 41 05.41 -02 50 14.6          19.2 Rck8481926
j0263K03WF8D  C2004 06 02.43458 22 41 05.42 -02 50 26.7          19.4 Rck8481926
j0263K03WF8D  C2004 06 20.28876 22 43 13.03 -20 51 24.9          17.4 Rrl0107859
j0263K03WF8D  C2004 06 20.29047 22 43 13.05 -20 51 31.6          17.7 Rrl0107859
j0263K03WF8D  C2004 06 20.29219 22 43 12.95 -20 51 37.7          17.5 Rrl0107859
j0263K03WF8D  C2004 06 25.28896 22 40 13.11 -25 43 50.4          17.5 Rrl0107859
j0263K03WF8D  C2004 06 25.29072 22 40 12.98 -25 43 57.5          17.7 Rrl0107859
j0263K03WF8D  C2004 06 25.29245 22 40 12.93 -25 44 03.2          17.7 Rrl0107859
j0263K03WF8D  C2004 06 25.29420 22 40 12.81 -25 44 08.8          17.7 Rrl0107859
j0263K03WF8D  C2004 06 26.27397 22 39 23.82 -26 40 12.4          17.6 Rrl0107859
j0263K03WF8D  C2004 06 26.27571 22 39 23.85 -26 40 19.1          17.7 Rrl0107859
j0263K03WF8D  C2004 06 26.27747 22 39 23.64 -26 40 25.4          17.8 Rrl0107859
j0263K03WF8D  C2004 06 27.28398 22 38 28.08 -27 37 29.2          18.3 Rrl0107859
j0263K03WF8D  C2004 06 27.28576 22 38 27.90 -27 37 36.0          18.2 Rrl0107859
j0263K03WF8D  C2004 06 27.28755 22 38 27.76 -27 37 41.5          18.3 Rrl0107859
j0263K03WF8D  C2004 06 28.67156 22 37 04.04 -28 55 06.0          18.6 Rrk9881E12
j0263K03WF8D  C2004 06 28.68339 22 37 03.13 -28 55 46.2          18.5 Rrk9881E12
j0263K03WF8D  C2004 06 28.69512 22 37 02.25 -28 56 25.2          18.4 Rrk9881E12
j0263K03WF8D  C2004 06 28.70715 22 37 01.38 -28 57 06.4          19.0 Rrk9881E12
j0263K03WF8D  C2004 07 13.75428 22 10 59.93 -41 09 58.2          17.4 Rrl0321E12
j0263K03WF8D  C2004 07 13.76922 22 10 57.69 -41 10 33.7          17.4 Rrl0321E12
j0263K03WF8D  C2004 07 13.78412 22 10 55.45 -41 11 08.9          17.8 Rrl0321E12
j0263K03WF8D  C2004 07 13.79905 22 10 53.24 -41 11 43.1          17.7 Rrl0321E12
j0263K03WF8D  C2004 07 16.69948 22 03 48.05 -43 01 40.1          17.4 Rrl0321E12
j0263K03WF8D  C2004 07 16.71030 22 03 46.30 -43 02 03.2          17.4 Rrl0321E12
j0263K03WF8D  C2004 07 16.72075 22 03 44.59 -43 02 25.3          17.6 Rrl0321E12
j0263K03WF8D  C2004 07 16.73117 22 03 42.89 -43 02 47.4          17.6 Rrl0321E12
j0263K03WF8D  C2004 07 27.15170 21 35 10.49 -47 53 20.0          17.6 Rrl0827859
j0263K03WF8D  C2004 07 27.15493 21 35 09.99 -47 53 23.8          17.8 Rrl0827859
j0263K03WF8D  C2004 07 27.15648 21 35 09.66 -47 53 25.6          18.2 Rrl0827859
j0263K03WF8D  C2004 07 28.15943 21 32 19.94 -48 12 43.5          17.6 Rrl0827859
j0263K03WF8D  C2004 08 11.55126 20 55 57.04 -50 27 21.0          20.1 Rrl1126E12
j0263K03WF8D  C2004 08 11.56365 20 55 55.40 -50 27 21.9          19.3 Rrl1126E12
j0263K03WF8D  C2004 08 11.57602 20 55 53.80 -50 27 22.6          19.4 Rrl1126E12
j0263K03WF8D  C2004 08 11.58837 20 55 52.12 -50 27 25.2          19.1 Rrl1126E12
j0263K03WF8D  C2004 08 20.63621 20 40 21.06 -50 08 59.5          19.1 Rrl1866E12
j0263K03WF8D  C2004 08 20.65059 20 40 19.80 -50 08 54.5          19.2 Rrl1866E12
j0263K03WF8D  C2004 08 20.66497 20 40 18.58 -50 08 50.3          18.8 Rrl1866E12
j0263K03WF8D  C2004 08 20.67933 20 40 17.37 -50 08 45.0          19.1 Rrl1866E12
j0263K03WF8D  C2006 08 18.44570 02 03 17.50 -15 58 24.6          21.5 Vdr5715291
j0263K03WF8D  C2006 08 18.45152 02 03 17.52 -15 58 29.6          21.6 Vdr5715291
j0263K03WF8D  C2006 08 18.45706 02 03 17.55 -15 58 33.9          21.9 Vdr5715291
j0263K03WF8D  C2008 09 22.37496 04 26 56.56 +00 20 03.9          22.2 Voz9212H55
j0263K03WF8D  C2008 09 22.39850 04 26 57.06 +00 19 56.4          22.1 Voz9212H55
j0263K03WF8D HC2008 09 23.38293 04 27 19.69 +00 14 10.9                oz6649291
j0263K03WF8D HC2008 09 23.39229 04 27 19.79 +00 14 07.1                oz6649291
j0263K03WF8D  C2008 09 23.40099 04 27 20.03 +00 14 04.5                oz6649291
j0263K03WF8D HC2008 09 24.41652 04 27 40.88 +00 08 00.8                oz6649291
j0263K03WF8D HC2008 09 24.42548 04 27 41.16 +00 07 57.3                oz6649291
j0263K03WF8D HC2008 09 24.43426 04 27 41.29 +00 07 54.1                oz6649291
j0263K03WF8D  C2008 11 19.22887 03 35 03.33 -04 58 08.5          20.5 Vr~01M2703
j0263K03WF8D  C2008 11 19.23784 03 35 02.18 -04 58 07.6          20.4 Vr~01M2703
j0263K03WF8D  C2008 11 19.24688 03 35 00.99 -04 58 06.8          20.0 Vr~01M2703
j0263K03WF8D  C2008 11 19.25580 03 34 59.70 -04 58 07.8          21.1 Vr~01M2703
j0263K03WF8D  C2008 12 02.23449 03 07 24.52 -04 04 17.5          20.4 Vr~01wY703
j0263K03WF8D  C2008 12 02.24047 03 07 23.66 -04 04 15.2          19.8 Vr~01wY703
j0263K03WF8D  C2008 12 02.24652 03 07 22.90 -04 04 12.4          20.4 Vr~01wY703
j0263K03WF8D  C2008 12 02.25255 03 07 22.15 -04 04 09.6          21.1 Vr~01wY703
j0263K03WF8D  C2015 10 25.56960 07 15 59.578+12 04 52.66         20.3 iL~1bHiF51
j0263K03WF8D  C2015 10 25.57449 07 16 00.115+12 04 53.22         20.2 iL~1bHiF51
j0263K03WF8D  C2015 10 25.57936 07 16 00.654+12 04 53.62         20.3 iL~1bHiF51
j0263K03WF8D  C2015 11 21.43284 08 09 37.60 +13 45 35.8          19.6 rR~1dcDG45
j0263K03WF8D  C2015 11 21.43830 08 09 38.26 +13 45 38.2          19.4 rR~1dcDG45
j0263K03WF8D  C2015 11 21.44352 08 09 38.93 +13 45 40.8          19.3 rR~1dcDG45
j0263K03WF8D  C2015 11 21.44915 08 09 39.70 +13 45 43.9          19.2 rR~1dcDG45
j0263K03WF8D KC2015 11 22.48582708 11 55.50 +13 54 22.5          19.1 Rq~1dcD448
j0263K03WF8D KC2015 11 22.50213908 11 57.55 +13 54 30.8          19.0 Rq~1dcD448
j0263K03WF8D KC2015 11 22.51908908 11 59.73 +13 54 39.3          19.3 Rq~1dcD448
j0263         C2015 12 08.52783 08 52 02.64 +17 39 01.5          20.1 Vq~1fzNG96
j0263         C2015 12 08.53193 08 52 03.37 +17 39 06.6          20.2 Vq~1fzNG96
j0263         C2015 12 08.53605 08 52 04.07 +17 39 11.7          19.8 Vq~1fzNG96
j0263         C2015 12 08.54015 08 52 04.75 +17 39 16.9          20.3 Vq~1fzNG96
j0263         C2015 12 11.85980 09 02 17.18 +18 55 36.1          19.7 Rq~1glOD29
j0263         C2015 12 11.88096 09 02 21.12 +18 56 07.7          19.4 Rq~1glOD29
j0263         C2015 12 14.43460 09 10 56.36 +20 04 32.4          19.2 rR~1glOG45
j0263         C2015 12 14.44164 09 10 57.78 +20 04 44.2          19.0 rR~1glOG45
j0263         C2015 12 14.44679 09 10 58.81 +20 04 53.1          18.5 rR~1glOG45
j0263         C2015 12 14.45208 09 10 59.92 +20 05 02.3          19.1 rR~1glOG45
j0263         C2015 12 14.45700 09 11 00.91 +20 05 10.7          19.0 rR~1glOG45
j0263         C2015 12 14.45878 09 11 01.27 +20 05 13.8          19.1 rR~1glOG45
j0263         C2015 12 14.46491 09 11 02.49 +20 05 24.3          18.9 rR~1glOG45
j0263         C2015 12 14.46973 09 11 03.45 +20 05 32.7          18.9 rR~1glOG45
j0263         C2015 12 14.47532 09 11 04.58 +20 05 42.0          19.0 rR~1glOG45
j0263         C2015 12 15.46924 09 14 37.41 +20 34 52.9          18.8 rR~1glOG45
j0263         C2015 12 15.48772 09 14 41.30 +20 35 26.2          18.8 rR~1glOG45
j0263         C2015 12 15.50075 09 14 44.03 +20 35 49.6          18.8 rR~1glOG45
j0263         C2015 12 15.50715 09 14 45.39 +20 36 01.3          19.0 rR~1glOG45
j0263        KC2015 12 17.40396109 21 54.31 +21 35 57.9          18.2 Vu~1h54H21
j0263        KC2015 12 17.40540709 21 54.64 +21 36 00.6          18.1 Vu~1h54H21
j0263        KC2015 12 17.40685009 21 54.97 +21 36 03.4          18.1 Vu~1h54H21
j0263        KC2015 12 17.40828709 21 55.28 +21 36 06.3          18.6 Vu~1h54H21
j0263        KC2015 12 17.40972309 21 55.62 +21 36 09.1          18.6 Vu~1h55H21
j0263        KC2015 12 17.41116009 21 55.92 +21 36 12.2          18.9 Vu~1h55H21
j0263        KC2015 12 17.41259609 21 56.26 +21 36 14.8          18.8 Vu~1h55H21
j0263        KC2015 12 17.41403409 21 56.59 +21 36 17.8          18.9 Vu~1h55H21
j0263        KC2015 12 17.41546909 21 56.91 +21 36 20.8          18.6 Vu~1h55H21
j0263        KC2015 12 17.41698009 21 57.24 +21 36 23.4          18.3 Vu~1h55H21
j0263        KC2015 12 18.12790 09 24 46.24 +22 00 19.6          17.5 Rt~1hT8130
j0263        KC2015 12 18.13022 09 24 46.76 +22 00 24.2          17.4 Rt~1hT8130
j0263        KC2015 12 18.13171 09 24 47.12 +22 00 27.5          17.6 Rt~1hT8130
j0263        KC2015 12 18.13320 09 24 47.45 +22 00 30.6          17.7 Rt~1hT8130
j0263         C2015 12 18.46506 09 26 07.98 +22 12 04.5          17.8 Vq~1h55703
j0263         C2015 12 18.47059 09 26 09.27 +22 12 16.4          18.0 Vq~1h55703
j0263         C2015 12 18.47611 09 26 10.53 +22 12 27.6          17.8 Vq~1h55703
j0263         C2015 12 18.48163 09 26 11.87 +22 12 41.0          17.6 Vq~1h55703
j0263        KC2016 01 03.42829611 04 23.19 +35 10 30.8          18.3 Rq~1iEE448
j0263        KC2016 01 03.43547811 04 26.98 +35 10 56.7          18.6 Rq~1iEE448
j0263        KC2016 01 03.44259711 04 30.92 +35 11 22.0          18.2 Rq~1iEE448
j0263         C2016 01 05.47579 11 24 26.49 +37 11 56.0          18.5 Rq~1iEEH45
j0263         C2016 01 05.47741 11 24 27.42 +37 12 01.0          18.4 Rq~1iEEH45
j0263         C2016 01 05.47903 11 24 28.49 +37 12 07.2          18.5 Rq~1iEEH45
j0263         C2016 01 05.48049 11 24 29.34 +37 12 12.1          18.4 Rq~1iEEH45
j0263         C2016 01 05.48122 11 24 29.80 +37 12 14.5          18.4 Rq~1iEEH45
j0263         C2016 01 05.48203 11 24 30.25 +37 12 17.6          18.5 Rq~1iEEH45
j0263        KC2016 01 08.21340 11 55 04.94 +39 47 08.1                t~1iEE204
j0263        KC2016 01 08.21569 11 55 06.56 +39 47 15.0                t~1iEE204
j0263        KC2016 01 08.21799 11 55 08.17 +39 47 22.6                t~1iEE204
j0263        KC2016 01 08.22030 11 55 09.80 +39 47 30.0          18.4 Rt~1iEE204
j0263        KC2016 01 08.22260 11 55 11.43 +39 47 37.1                t~1iEE204
j0263         C2016 01 17.21294 14 01 54.14 +44 35 32.7          16.4 RS~1jgf619
j0263         C2016 01 17.21772 14 01 58.42 +44 35 33.6          16.4 RS~1jgf619
j0263         C2016 01 17.22247 14 02 02.64 +44 35 34.5          16.5 RS~1jgf619
j0263         S2016 01 24.08363015 38 18.77 +42 22 41.7                L~3XwNC51
j0263         s2016 01 24.0836301 - 3118.2571 - 3951.4612 + 4664.4305   ~3XwNC51
j0263         S2016 01 24.21478815 39 55.94 +42 17 43.9                L~3XwNC51
j0263         s2016 01 24.2147881 - 3126.9871 - 3971.9584 + 4641.1937   ~3XwNC51
j0263         S2016 01 24.28036715 40 44.28 +42 15 13.8                L~3XwNC51
j0263         s2016 01 24.2803671 - 3131.3142 - 3982.2100 + 4629.5123   ~3XwNC51
j0263         S2016 01 24.34581815 41 32.36 +42 12 42.0                L~3XwNC51
j0263         s2016 01 24.3458181 - 3089.3199 - 3957.6443 + 4678.3990   ~3XwNC51
j0263         S2016 01 24.41139815 42 20.41 +42 10 09.8                L~3XwNC51
j0263         s2016 01 24.4113981 - 3093.7144 - 3967.9526 + 4666.7880   ~3XwNC51
j0263         S2016 01 24.47697715 43 08.33 +42 07 36.6                L~3XwNC51
j0263         s2016 01 24.4769771 - 3098.0952 - 3978.2697 + 4655.1188   ~3XwNC51
j0263         S2016 01 24.54255715 43 56.04 +42 05 02.3                L~3XwNC51
j0263         s2016 01 24.5425571 - 3102.4446 - 3988.5860 + 4643.4210   ~3XwNC51
j0263         C2016 02 11.48350 18 02 53.75 +27 25 12.8          19.1 rR~1mrIG45
j0263         C2016 02 11.48828 18 02 55.08 +27 24 59.9          19.0 rR~1mrIG45
j0263         C2016 02 11.49307 18 02 56.41 +27 24 45.7          18.3 rR~1mrIG45
j0263         C2016 02 11.49785 18 02 57.75 +27 24 33.3          19.2 rR~1mrIG45
j0263         C2016 02 11.50257 18 02 59.06 +27 24 20.5          18.8 rR~1mrIG45
j0263         C2018 09 16.40311 02 27 59.03 -16 33 35.0          21.1 GV~2mA2G96
j0263         C2018 09 16.41347 02 27 58.47 -16 33 44.0          21.6 GV~2mA2G96
j0263         C2018 09 16.41868 02 27 58.22 -16 33 48.1          21.6 GV~2mA2G96
j0263         C2020 11 13.42528005 08 23.21 +02 46 04.9          19.55rU~4ThbI41
j0263         C2020 11 13.46779105 08 19.66 +02 46 04.6          20.04gU~4ThbI41
j0263         C2020 11 14.45994 05 06 59.522+02 46 08.73         19.4 wU~4NA8F52
j0263         C2020 11 14.47276 05 06 58.393+02 46 08.90         19.4 wU~4NA8F52
j0263         C2020 11 14.48567 05 06 57.263+02 46 09.02         19.5 wU~4NA8F52
j0263         C2020 11 14.49863 05 06 56.115+02 46 09.17         19.5 wU~4NA8F52
j0263         C2020 11 15.35124005 05 43.66 +02 46 23.3          19.36rU~4ThbI41
j0263         C2020 11 15.36594005 05 42.32 +02 46 23.8          19.94gU~4ThbI41
j0263         C2020 11 16.40589205 04 09.56 +02 47 03.6          19.40GV~4NA8G96
j0263         C2020 11 16.41102705 04 09.09 +02 47 03.8          19.37GV~4NA8G96
j0263         C2020 11 16.41616105 04 08.61 +02 47 03.9          19.40GV~4NA8G96
j0263         C2020 11 16.42129205 04 08.10 +02 47 04.0          19.46GV~4NA8G96
j0263         C2020 11 17.37321505 02 40.38 +02 48 02.8          19.27cV~4ThbT05
j0263         C2020 11 17.40975805 02 36.72 +02 48 04.6          19.61cV~4ThbT05
j0263         C2020 11 17.43462205 02 34.25 +02 48 06.4          19.70cV~4ThbT05
j0263         C2020 11 17.43832805 02 33.86 +02 48 06.6          19.34cV~4ThbT05
j0263         C2020 11 17.49294 05 02 28.422+02 48 10.65         19.2 wU~4ThbF51
j0263         C2020 11 17.51757 05 02 25.950+02 48 12.47         19.3 wU~4ThbF51
j0263         C2020 11 17.52982 05 02 24.724+02 48 13.17         19.1 wU~4ThbF51
j0263         C2020 11 23.28600804 52 11.51 +03 01 22.0          19.25GV~4Thb703
j0263         C2020 11 23.29151004 52 10.89 +03 01 22.8          18.80GV~4Thb703
j0263         C2020 11 23.29701204 52 10.13 +03 01 24.8          19.24GV~4Thb703
j0263         C2020 11 23.30250904 52 09.48 +03 01 25.7          19.08GV~4Thb703
j0263         C2020 11 23.34002004 52 04.95 +03 01 33.1          19.66gU~4ThbI41
j0263         C2020 11 23.34095904 52 04.83 +03 01 33.2          19.78gU~4ThbI41
j0263         C2020 11 23.40373004 51 57.14 +03 01 46.2          19.10rU~4ThbI41
j0263         C2020 11 23.40466004 51 57.03 +03 01 46.5          19.09rU~4ThbI41
j0263        KC2020 11 24.97002 04 48 48.47 +03 07 46.2          19.2 GV~4Thb130
j0263        KC2020 11 24.97998 04 48 47.21 +03 07 48.8          19.1 GV~4Thb130
j0263         C2020 11 25.20977504 48 19.23 +03 08 49.7          19.21GV~4ThbG96
j0263         C2020 11 25.21596304 48 18.42 +03 08 51.3          19.16GV~4ThbG96
j0263         C2020 11 25.22111804 48 17.77 +03 08 52.5          19.02GV~4ThbG96
j0263         C2020 11 25.22627604 48 17.12 +03 08 53.5          18.92GV~4ThbG96
j0263        KC2020 12 04.27577904 27 26.28 +04 07 37.6          19.75GV~4ThbI52
j0263         C2020 12 04.44478 04 27 00.663+04 09 09.54         19.6 iU~4ThbF51
j0263         C2020 12 04.45726 04 26 58.725+04 09 16.03         19.6 iU~4ThbF51
j0263         C2020 12 04.46973 04 26 56.789+04 09 22.65         19.9 iU~4ThbF51
j0263         C2020 12 04.48215 04 26 54.842+04 09 29.15         19.9 iU~4ThbF51
j0263         C2020 12 06.38052004 22 06.05 +04 27 10.5          19.85GV~4ThbG96
j0263         C2020 12 06.38569704 22 05.22 +04 27 13.7          20.06GV~4ThbG96
j0263         C2020 12 06.39087104 22 04.40 +04 27 16.6          19.83GV~4ThbG96
j0263         C2020 12 06.39603704 22 03.59 +04 27 19.5          19.86GV~4ThbG96
j0263         C2020 12 10.40925404 11 37.08 +05 10 59.8          19.38cV~4ThbT05
j0263         C2020 12 10.41291304 11 36.44 +05 11 00.5          19.55cV~4ThbT05
j0263         C2020 12 10.44718804 11 30.78 +05 11 26.5          19.33cV~4ThbT05
j0263         C2020 12 10.45360304 11 29.86 +05 11 28.9          19.26cV~4ThbT05
j0263         C2020 12 11.41469704 08 57.86 +05 23 11.5          19.49cV~4ThbT05
j0263         C2020 12 11.41838104 08 57.26 +05 23 13.8          19.29cV~4ThbT05
j0263         C2020 12 11.42570204 08 56.12 +05 23 19.6          19.32cV~4ThbT05
j0263         C2020 12 11.43629004 08 54.31 +05 23 27.4          19.37cV~4ThbT05
j0263         C2020 12 13.43262604 03 37.67 +05 49 09.8          19.00cV~4ThbT08
j0263         C2020 12 13.43727804 03 36.92 +05 49 14.7          19.02cV~4ThbT08
j0263         C2020 12 13.43820104 03 36.89 +05 49 13.9          18.94cV~4mbRT08
j0263         C2020 12 13.44885604 03 35.07 +05 49 23.8          19.02cV~4ThbT08
j0263         C2020 12 15.23431903 58 53.32 +06 13 57.7          18.86rU~4ThbI41
j0263         C2020 12 15.23525003 58 53.16 +06 13 58.6          18.61rU~4ThbI41
j0263         C2020 12 15.32420903 58 38.67 +06 15 14.3          19.31gU~4ThbI41
j0263         C2020 12 15.32656003 58 38.28 +06 15 16.4          19.22gU~4ThbI41
j0263         C2020 12 17.36442803 53 19.68 +06 45 17.9          18.76cV~4ThbT08
j0263         C2020 12 17.39618003 53 14.57 +06 45 47.3          19.02cV~4ThbT08
j0263         C2020 12 17.39995803 53 13.99 +06 45 50.5          18.71cV~4ThbT08
j0263         C2020 12 17.40779303 53 12.71 +06 45 57.9          18.77cV~4ThbT08
j0263         C2020 12 20.21738403 46 02.99 +07 30 12.0          18.55GV~4ThbG96
j0263         C2020 12 20.22865903 46 01.23 +07 30 23.1          18.76GV~4ThbG96
j0263         C2020 12 20.23430203 46 00.35 +07 30 28.6          18.75GV~4ThbG96
j0263         C2020 12 22.19542803 41 09.48 +08 03 14.5          18.53GV~4Thb703
j0263         C2020 12 22.20076203 41 08.72 +08 03 20.8          18.69GV~4Thb703
j0263         C2020 12 22.20608603 41 07.87 +08 03 26.4          18.97GV~4Thb703
j0263         C2020 12 22.21141103 41 06.99 +08 03 32.1          18.17GV~4Thb703
j0263         C2020 12 22.34347803 40 47.74 +08 05 49.9          18.48oV~4ThbT08
j0263         C2020 12 22.34904103 40 46.89 +08 05 55.8          18.78oV~4ThbT08
j0263         C2020 12 22.35342503 40 46.23 +08 06 00.4          18.64oV~4ThbT08
j0263         C2020 12 22.38643503 40 41.21 +08 06 34.2          18.42oV~4ThbT08
j0263         C2020 12 24.28486003 36 09.95 +08 39 44.0          18.05oV~4ThbT05
j0263         C2020 12 24.28669003 36 09.68 +08 39 45.4          18.46oV~4ThbT05
j0263         C2020 12 24.29876903 36 07.88 +08 39 58.4          18.56oV~4ThbT05
j0263         C2020 12 24.30153303 36 07.50 +08 40 00.9          18.87oV~4ThbT05
j0263         C2021 01 10.17439603 04 58.97 +14 15 05.1          20.12GV~4Y1UG96
j0263         C2021 01 10.17955303 04 58.56 +14 15 11.8          20.01GV~4Y1UG96
j0263         C2021 01 10.18471203 04 58.15 +14 15 18.3          20.10GV~4Y1UG96
j0263         C2021 01 10.18989103 04 57.70 +14 15 24.9          19.93GV~4Y1UG96
j0263         C2021 01 11.33847 03 03 31.921+14 40 06.30         19.7 wU~4Y1UF51
j0263         C2021 01 11.35011 03 03 31.027+14 40 21.20         19.8 wU~4Y1UF51
j0263         C2021 01 11.36178 03 03 30.122+14 40 36.15         19.7 wU~4Y1UF51
j0263         C2021 01 11.37348 03 03 29.231+14 40 51.06         19.7 wU~4Y1UF51
j0263         C2021 01 13.34874503 01 15.44 +15 23 37.5          19.37cV~4Y1VT05
j0263         C2021 01 13.35197803 01 15.20 +15 23 43.4          19.75cV~4Y1VT05
j0263         C2021 01 13.35884403 01 14.76 +15 23 50.1          19.60cV~4Y1VT05
j0263         C2021 01 13.37445203 01 13.69 +15 24 11.0          19.62cV~4Y1VT05
j0263         C2021 01 14.19025203 00 23.61 +15 41 56.3          19.45GV~4Y1VG96
j0263         C2021 01 14.19597303 00 23.23 +15 42 03.7          19.51GV~4Y1VG96
j0263         C2021 01 14.20172503 00 22.87 +15 42 11.1          19.45GV~4Y1VG96
j0263         C2021 01 14.20743503 00 22.48 +15 42 18.6          19.05GV~4Y1VG96
j0263         C2021 01 14.20866203 00 22.32 +15 42 19.4          20.12GV~4Y1V703
j0263         C2021 01 14.21393803 00 22.06 +15 42 27.0          19.47GV~4Y1V703
j0263         C2021 01 14.22450103 00 21.45 +15 42 41.3          20.05GV~4Y1V703
j0263         C2021 01 15.49064 02 59 09.26 +16 10 27.5          19.2 Rq~4Y1VD29
j0263         C2021 01 15.50479 02 59 08.45 +16 10 46.6          19.4 Rq~4Y1VD29
j0263         C2021 01 15.51893 02 59 07.58 +16 11 05.1          19.5 Rq~4Y1VD29
j0263         C2021 01 17.26888002 57 38.50 +16 49 49.3          19.28cV~4Y1VT05
j0263         C2021 01 17.27404602 57 38.25 +16 49 55.8          19.10cV~4Y1VT05
j0263         C2021 01 17.27725602 57 38.07 +16 49 59.7          19.30cV~4Y1VT05
j0263         C2021 01 17.28776202 57 37.50 +16 50 13.4          19.39cV~4Y1VT05
j0263         C2021 01 18.19073002 56 56.47 +17 10 14.8          19.80GV~4Ymz703
j0263         C2021 01 18.20127702 56 55.90 +17 10 30.1          19.93GV~4Ymz703
j0263         C2021 01 31.23253 02 52 48.535+22 08 21.44         20.9 wU~4f9PF52
j0263         C2021 01 31.24356 02 52 48.508+22 08 36.91         20.7 wU~4f9PF52
j0263         C2021 01 31.25458 02 52 48.497+22 08 52.22         20.7 wU~4f9PF52
j0263         C2021 01 31.26558 02 52 48.481+22 09 07.68         20.8 wU~4f9PF52
j0263         C2021 02 06.23731 02 54 07.848+24 30 17.05         21.0 wU~4f9PF52
j0263         C2021 02 06.24957 02 54 08.060+24 30 34.62         20.9 wU~4f9PF52
j0263         C2021 02 06.26184 02 54 08.290+24 30 51.88         20.8 wU~4f9PF52
j0263         C2021 02 06.27418 02 54 08.488+24 31 09.41         20.8 wU~4f9PF52
j0263        KC2021 03 05.03276503 18 58.01 +35 44 15.7          20.8 GV~4f9PW33
j0263        KC2021 03 05.06147603 19 00.39 +35 45 00.9          20.3 GV~4f9PW33
j0263         C2021 06 01.57754300 36 17.41 +78 35 05.5          17.29oVEL015T08
j0263         C2021 06 01.58079700 36 10.46 +78 35 03.8          17.43oVEL015T08
j0263         C2021 06 01.60089800 35 26.98 +78 34 49.9          17.36oVEL015T08
j0263         C2021 06 01.60608700 35 15.71 +78 34 46.5          17.31oVEL015T08
j0263         C2021 06 05.58445422 19 21.05 +74 23 49.2          16.74oVEL065T08
j0263         C2021 06 05.58815022 19 14.01 +74 23 24.4          16.70oVEL065T08
j0263         C2021 06 05.59830722 18 54.51 +74 22 15.9          16.68oVEL065T08
j0263         C2021 06 05.60477222 18 42.12 +74 21 31.8          16.70oVEL065T08
j0263        KC2021 06 06.90804221 43 05.04 +71 20 36.3          16.3 GVEL070Z80
j0263        KC2021 06 06.91093621 43 00.79 +71 20 09.4          16.9 GVEL070Z80
j0263        KC2021 06 06.91620921 42 52.91 +71 19 20.7          16.8 GVEL070Z80
j0263         C2021 06 07.55028421 27 35.20 +69 33 22.9          16.51oVEL084T05
j0263         C2021 06 07.55577021 27 27.04 +69 32 24.8          16.69oVEL084T05
j0263         C2021 06 07.55943121 27 21.57 +69 31 45.7          16.61oVEL084T05
j0263         C2021 06 07.56568921 27 12.24 +69 30 38.8          16.44oVEL084T05
j0263         C2021 06 07.56845621 27 08.14 +69 30 09.2          16.50oVEL084T05
j0263         C2021 06 07.56891321 27 07.45 +69 30 04.1          16.63oVEL084T05
j0263         C2021 06 07.58160621 26 48.50 +69 27 47.3          16.39oVEL084T05
j0263        KC2021 06 07.98154221 18 04.88 +68 10 16.6          16.9 GVEL101Z80
j0263        KC2021 06 07.98617121 17 58.83 +68 09 23.5          16.4 GVEL101Z80
j0263        KC2021 06 07.99080121 17 52.70 +68 08 30.4          16.8 GVEL101Z80
j0263        KC2021 06 08.64862 21 04 25.43 +65 50 34.5          16.7 VqEL113Q21
j0263        KC2021 06 08.65755 21 04 14.34 +65 48 38.9          17.0 VqEL113Q21
j0263        KC2021 06 08.66105 21 04 09.99 +65 47 52.2          16.4 VqEL113Q21
j0263        KC2021 06 08.92677120 59 08.09 +64 45 38.9          16.9 GVEL101Z80
j0263        KC2021 06 08.92816120 59 06.56 +64 45 19.5          16.6 GVEL101Z80
j0263        KC2021 06 08.92955120 59 05.01 +64 45 00.6          16.6 GVEL101Z80
j0263         C2021 06 09.52217020 48 25.28 +62 19 51.2          17.13cVEL113T08
j0263         C2021 06 09.52908520 48 17.53 +62 18 04.8          17.07cVEL113T08
j0263         C2021 06 09.53416120 48 11.78 +62 16 46.1          16.81cVEL113T08
j0263         C2021 06 09.54826820 47 55.90 +62 13 07.0          16.81cVEL113T08
j0263         C2021 06 09.55015520 47 53.76 +62 12 37.8          16.82cVEL113T08
j0263         C2021 06 09.55291920 47 50.63 +62 11 54.5          16.80cVEL113T08
j0263         C2021 06 09.55896420 47 43.83 +62 10 20.1          16.77cVEL113T08
j0263         C2021 06 09.59865120 47 14.26 +61 58 35.8          17.2 VqEL139900
j0263         C2021 06 09.60110220 47 11.64 +61 57 57.9          17.0 VqEL139900
j0263        KC2021 06 09.97014120 41 05.25 +60 16 48.4          16.2 GVEL126Z80
j0263        KC2021 06 09.97152820 41 03.92 +60 16 25.6          17.0 GVEL126Z80
j0263        KC2021 06 10.90275120 27 11.40 +55 33 30.3          16.6 GVEL139Z80
j0263        KC2021 06 10.90552920 27 09.07 +55 32 37.9          16.7 GVEL139Z80
j0263        KC2021 06 10.90830720 27 06.73 +55 31 44.1          16.5 GVEL139Z80
j0263         C2021 06 10.97726 20 26 05.70 +55 10 00.6          16.5 GXEL126G02
j0263         C2021 06 10.97904 20 26 04.10 +55 09 25.6          16.4 GXEL126G02
j0263         C2021 06 10.98082 20 26 02.56 +55 08 51.0          16.5 GXEL126G02
j0263         C2021 06 11.93912320 13 44.19 +49 30 21.4          16.0 GVEL139G34
j0263         C2021 06 11.94041120 13 43.22 +49 29 52.7          15.8 GVEL139G34
j0263         C2021 06 11.94169820 13 42.24 +49 29 23.8          16.1 GVEL139G34
j0263         C2021 06 11.94298720 13 41.27 +49 28 55.9          16.1 GVEL139G34
j0263         C2021 06 11.94427720 13 40.29 +49 28 27.1          16.0 GVEL139G34
j0263         C2021 06 13.49982919 56 45.08 +38 49 00.7          15.27cVEL158T08
j0263         C2021 06 13.50217419 56 43.52 +38 47 58.4          15.23cVEL158T08
j0263         C2021 06 13.50540519 56 41.37 +38 46 32.7          15.25cVEL158T08
j0263         C2021 06 13.51729819 56 33.45 +38 41 16.0          15.21cVEL158T08
j0263        KC2021 06 13.92162519 52 49.27 +35 36 10.7          15.4 GVEL169Z80
j0263        KC2021 06 13.92741219 52 45.98 +35 33 33.5          15.2 GVEL169Z80
j0263        KC2021 06 13.93320019 52 42.64 +35 30 55.5          15.4 GVEL169Z80
